,xy,yz,xz
0,"[[-0.06835938 -0.08476562]
 [-0.01171875 -0.03007812]
 [-0.01171875  0.03242188]
 [ 0.04882812  0.07148438]
 [ 0.04296875  0.0109375 ]
 [ 0.          0.        ]
 [-0.08723958 -0.05078125]
 [ 0.02799479 -0.00390625]
 [ 0.03190104  0.04492188]
 [-0.03255208 -0.04101562]
 [ 0.02799479  0.00195312]
 [ 0.03190104  0.04882812]
 [-0.03027344 -0.02832031]
 [-0.02832031  0.02441406]
 [ 0.02832031 -0.02441406]
 [ 0.03027344  0.02832031]
 [-0.03027344 -0.02832031]
 [-0.02832031  0.02441406]
 [ 0.02832031 -0.02441406]
 [ 0.03027344  0.02832031]
 [ 0.          0.        ]
 [ 0.02832031 -0.0078125 ]
 [-0.02832031  0.0078125 ]
 [ 0.02226562 -0.0734375 ]
 [ 0.02226562 -0.01484375]
 [ 0.02421875  0.028125  ]
 [-0.034375    0.00664062]
 [-0.034375    0.05351562]
 [ 0.          0.        ]
 [ 0.1234375   0.46445312]
 [ 0.11367188  0.11875   ]
 [ 0.11367188  0.12851562]
 [ 0.115625    0.16367187]
 [-0.02604167  0.01367188]
 [-0.02604167  0.04492188]
 [-0.02408854  0.09960938]
 [-0.08268229 -0.06054688]
 [-0.02604167 -0.0078125 ]
 [-0.02604167  0.05664062]
 [ 0.03450521  0.11523438]
 [-0.02604167  0.05078125]
 [ 0.05794271 -0.26171875]
 [ 0.01497396 -0.22265625]
 [-0.03385417 -0.20898438]
 [-0.02604167  0.02539062]
 [ 0.03255208  0.0703125 ]
 [ 0.03450521  0.11328125]
 [ 0.02669271 -0.03125   ]
 [ 0.02864583  0.01757812]
 [ 0.03255208  0.06835938]
 [ 0.03450521  0.1171875 ]
 [ 0.04078125  0.30765625]
 [ 0.04664062  0.5225    ]
 [ 0.04664062  0.55960937]
 [ 0.08765625  0.2803125 ]
 [ 0.14039062  0.319375  ]
 [ 0.09351563  0.37796875]
 [-0.01        0.23539062]
 [ 0.03882812  0.28421875]
 [ 0.04078125  0.335     ]
 [-0.01        0.288125  ]
 [ 0.04078125  0.33109375]
 [ 0.04664062  0.48734375]
 [ 0.04664062  0.53226562]
 [ 0.10132813  0.51273437]
 [ 0.04664062  0.53617187]
 [ 0.20539315  0.40183972]
 [ 0.21125252  0.46433972]
 [ 0.10187752  0.52488659]
 [-0.07390373  0.43894909]
 [ 0.04133065  0.47410534]
 [-0.07390373  0.53269909]
 [ 0.0374244   0.43308972]
 [-0.0172631   0.47996472]
 [-0.0172631   0.41941784]
 [ 0.04133065  0.46043347]
 [ 0.0374244   0.39988659]
 [-0.07390373  0.29051159]
 [-0.0250756   0.18113659]
 [ 0.0764869   0.24363659]
 [ 0.26008065  0.37058972]
 [ 0.21125252  0.44480847]
 [ 0.21906502  0.46043347]
 [ 0.14875252  0.41551159]
 [ 0.21125252  0.45652722]
 [ 0.21906502  0.50535534]
 [ 0.17219002  0.43504284]
 [ 0.06210327  0.50317383]
 [ 0.01327515  0.57348633]
 [-0.46640625 -0.87539063]
 [-0.55882813 -0.71382813]
 [-0.7521875  -0.55171875]
 [-0.63890625 -0.66890625]
 [-0.77171875 -0.37203125]
 [-0.63890625 -1.25679688]
 [-0.46452873 -0.37941028]
 [-0.46452873 -0.15089466]]","[[-0.08476562  0.0875    ]
 [-0.03007812  0.0640625 ]
 [ 0.03242188 -0.00234375]
 [ 0.07148438  0.02695313]
 [ 0.0109375  -0.17617187]
 [ 0.          0.        ]
 [-0.05078125  0.14485677]
 [-0.00390625  0.08626302]
 [ 0.04492188  0.05110677]
 [-0.04101562 -0.0719401 ]
 [ 0.00195312 -0.09733073]
 [ 0.04882812 -0.11295573]
 [-0.02832031  0.16894531]
 [ 0.02441406  0.12011719]
 [-0.02441406 -0.19628906]
 [ 0.02832031 -0.09277344]
 [-0.02832031  0.16894531]
 [ 0.02441406  0.12011719]
 [-0.02441406 -0.19628906]
 [ 0.02832031 -0.09277344]
 [ 0.          0.        ]
 [-0.0078125   0.12695312]
 [ 0.0078125  -0.12695312]
 [-0.0734375   0.17265625]
 [-0.01484375  0.10039063]
 [ 0.028125    0.1296875 ]
 [ 0.00664062 -0.16914062]
 [ 0.05351562 -0.23359375]
 [ 0.          0.        ]
 [ 0.46445312  0.03867187]
 [ 0.11875    -0.4359375 ]
 [ 0.12851562 -0.36757812]
 [ 0.16367187 -0.44375   ]
 [ 0.01367188  0.09342448]
 [ 0.04492188  0.2047526 ]
 [ 0.09960938  0.15983073]
 [-0.06054688  0.2516276 ]
 [-0.0078125   0.22428385]
 [ 0.05664062  0.13248698]
 [ 0.11523438 -0.01204427]
 [ 0.05078125  0.16178385]
 [-0.26171875 -0.1780599 ]
 [-0.22265625 -0.31477865]
 [-0.20898438 -0.18391927]
 [ 0.02539062 -0.08040365]
 [ 0.0703125  -0.17220052]
 [ 0.11328125 -0.2405599 ]
 [-0.03125     0.05240885]
 [ 0.01757812  0.02897135]
 [ 0.06835938 -0.02571615]
 [ 0.1171875  -0.10188802]
 [ 0.30765625 -0.71234375]
 [ 0.5225     -0.48382812]
 [ 0.55960937 -0.606875  ]
 [ 0.2803125  -0.55609375]
 [ 0.319375   -0.59320313]
 [ 0.37796875 -0.51507813]
 [ 0.23539062 -0.5678125 ]
 [ 0.28421875 -0.53070313]
 [ 0.335      -0.49359375]
 [ 0.288125   -0.5053125 ]
 [ 0.33109375 -0.54828125]
 [ 0.48734375 -0.77679688]
 [ 0.53226562 -0.79046875]
 [ 0.51273437 -0.58539063]
 [ 0.53617187 -0.76703125]
 [ 0.40183972 -0.20123488]
 [ 0.46433972  0.0077495 ]
 [ 0.52488659  0.05657762]
 [ 0.43894909  0.05657762]
 [ 0.47410534  0.1952495 ]
 [ 0.53269909 -0.02154738]
 [ 0.43308972 -0.05084425]
 [ 0.47996472 -0.10748488]
 [ 0.41941784 -0.2266255 ]
 [ 0.46043347 -0.2578755 ]
 [ 0.39988659 -0.33014113]
 [ 0.29051159 -0.13482863]
 [ 0.18113659 -0.23639113]
 [ 0.24363659  0.04485887]
 [ 0.37058972 -0.32623488]
 [ 0.44480847 -0.23248488]
 [ 0.46043347 -0.39654738]
 [ 0.41551159 -0.156313  ]
 [ 0.45652722 -0.1328755 ]
 [ 0.50535534 -0.09185988]
 [ 0.43504284 -0.78521925]
 [ 0.50317383 -0.31484985]
 [ 0.57348633 -0.2250061 ]
 [-0.87539063  1.20859375]
 [-0.71382813  0.98101562]
 [-0.55171875  1.10015625]
 [-0.66890625  1.19976562]
 [-0.37203125  1.05328125]
 [-1.25679688  1.3228125 ]
 [-0.37941028  1.47454637]
 [-0.15089466  1.29290575]]","[[-0.06835938  0.0875    ]
 [-0.01171875  0.0640625 ]
 [-0.01171875 -0.00234375]
 [ 0.04882812  0.02695313]
 [ 0.04296875 -0.17617187]
 [ 0.          0.        ]
 [-0.08723958  0.14485677]
 [ 0.02799479  0.08626302]
 [ 0.03190104  0.05110677]
 [-0.03255208 -0.0719401 ]
 [ 0.02799479 -0.09733073]
 [ 0.03190104 -0.11295573]
 [-0.03027344  0.16894531]
 [-0.02832031  0.12011719]
 [ 0.02832031 -0.19628906]
 [ 0.03027344 -0.09277344]
 [-0.03027344  0.16894531]
 [-0.02832031  0.12011719]
 [ 0.02832031 -0.19628906]
 [ 0.03027344 -0.09277344]
 [ 0.          0.        ]
 [ 0.02832031  0.12695312]
 [-0.02832031 -0.12695312]
 [ 0.02226562  0.17265625]
 [ 0.02226562  0.10039063]
 [ 0.02421875  0.1296875 ]
 [-0.034375   -0.16914062]
 [-0.034375   -0.23359375]
 [ 0.          0.        ]
 [ 0.1234375   0.03867187]
 [ 0.11367188 -0.4359375 ]
 [ 0.11367188 -0.36757812]
 [ 0.115625   -0.44375   ]
 [-0.02604167  0.09342448]
 [-0.02604167  0.2047526 ]
 [-0.02408854  0.15983073]
 [-0.08268229  0.2516276 ]
 [-0.02604167  0.22428385]
 [-0.02604167  0.13248698]
 [ 0.03450521 -0.01204427]
 [-0.02604167  0.16178385]
 [ 0.05794271 -0.1780599 ]
 [ 0.01497396 -0.31477865]
 [-0.03385417 -0.18391927]
 [-0.02604167 -0.08040365]
 [ 0.03255208 -0.17220052]
 [ 0.03450521 -0.2405599 ]
 [ 0.02669271  0.05240885]
 [ 0.02864583  0.02897135]
 [ 0.03255208 -0.02571615]
 [ 0.03450521 -0.10188802]
 [ 0.04078125 -0.71234375]
 [ 0.04664062 -0.48382812]
 [ 0.04664062 -0.606875  ]
 [ 0.08765625 -0.55609375]
 [ 0.14039062 -0.59320313]
 [ 0.09351563 -0.51507813]
 [-0.01       -0.5678125 ]
 [ 0.03882812 -0.53070313]
 [ 0.04078125 -0.49359375]
 [-0.01       -0.5053125 ]
 [ 0.04078125 -0.54828125]
 [ 0.04664062 -0.77679688]
 [ 0.04664062 -0.79046875]
 [ 0.10132813 -0.58539063]
 [ 0.04664062 -0.76703125]
 [ 0.20539315 -0.20123488]
 [ 0.21125252  0.0077495 ]
 [ 0.10187752  0.05657762]
 [-0.07390373  0.05657762]
 [ 0.04133065  0.1952495 ]
 [-0.07390373 -0.02154738]
 [ 0.0374244  -0.05084425]
 [-0.0172631  -0.10748488]
 [-0.0172631  -0.2266255 ]
 [ 0.04133065 -0.2578755 ]
 [ 0.0374244  -0.33014113]
 [-0.07390373 -0.13482863]
 [-0.0250756  -0.23639113]
 [ 0.0764869   0.04485887]
 [ 0.26008065 -0.32623488]
 [ 0.21125252 -0.23248488]
 [ 0.21906502 -0.39654738]
 [ 0.14875252 -0.156313  ]
 [ 0.21125252 -0.1328755 ]
 [ 0.21906502 -0.09185988]
 [ 0.17219002 -0.78521925]
 [ 0.06210327 -0.31484985]
 [ 0.01327515 -0.2250061 ]
 [-0.46640625  1.20859375]
 [-0.55882813  0.98101562]
 [-0.7521875   1.10015625]
 [-0.63890625  1.19976562]
 [-0.77171875  1.05328125]
 [-0.63890625  1.3228125 ]
 [-0.46452873  1.47454637]
 [-0.46452873  1.29290575]]"
1,"[[ 1.91345215e-02  6.32080078e-01]
 [-3.35998535e-02  6.86767578e-01]
 [-8.82873535e-02  6.94580078e-01]
 [-1.54693604e-01  5.46142578e-01]
 [-4.14123535e-02  5.87158203e-01]
 [-9.41467285e-02  6.45751953e-01]
 [-9.80529785e-02  5.96923828e-01]
 [-9.41467285e-02  6.41845703e-01]
 [-2.09381104e-01  4.60205078e-01]
 [-1.56646729e-01  5.01220703e-01]
 [-2.09381104e-01  4.11376953e-01]
 [-2.09381104e-01  4.58251953e-01]
 [-2.09381104e-01  5.05126953e-01]
 [-2.09381104e-01  4.13330078e-01]
 [-2.09381104e-01  4.62158203e-01]
 [-2.09381104e-01  5.09033203e-01]
 [-1.01623535e-02  4.01611328e-01]
 [-4.30297852e-03  4.44580078e-01]
 [-2.09381104e-01  5.93017578e-01]
 [ 1.91345215e-02  6.30126953e-01]
 [ 2.49938965e-02  6.78955078e-01]
 [-2.09381104e-01  5.93017578e-01]
 [ 1.91345215e-02  6.32080078e-01]
 [ 2.49938965e-02  6.80908203e-01]
 [-2.96936035e-02  7.33642578e-01]
 [-6.00006104e-01  1.69189453e-01]
 [ 1.34368896e-01  3.21533203e-01]
 [-2.64068604e-01  4.91455078e-01]
 [-4.72717285e-02  5.10986328e-01]
 [-5.68756104e-01 -5.15136719e-02]
 [-5.96099854e-01  3.17626953e-01]
 [-5.58990479e-01  3.74267578e-01]
 [-5.17974854e-01  4.30908203e-01]
 [-5.78521729e-01  4.62158203e-01]
 [-5.58990479e-01  3.76220703e-01]
 [-5.68756104e-01  4.23095703e-01]
 [-6.19537354e-01 -7.29980469e-02]
 [-6.07503255e-02  4.60611979e-01]
 [-2.15657552e-03  5.09440104e-01]
 [-1.17390951e-01  5.52408854e-01]
 [-1.17390951e-01  4.27408854e-01]
 [-6.07503255e-02  4.78190104e-01]
 [-2.15657552e-03  5.23111979e-01]
 [-5.87972005e-02  5.69986979e-01]
 [-1.17390951e-01  5.95377604e-01]
 [-6.07503255e-02  4.78190104e-01]
 [-6.07503255e-02  5.27018229e-01]
 [-2.03450521e-04  5.69986979e-01]
 [ 4.08121745e-02  3.78580729e-01]
 [ 4.08121745e-02  3.78580729e-01]
 [ 4.47184245e-02  4.25455729e-01]
 [-1.19222005e-02  3.82486979e-01]
 [-8.01595052e-03  4.27408854e-01]
 [-6.07503255e-02  4.78190104e-01]
 [ 3.29996745e-02  2.73111979e-01]
 [ 8.76871745e-02  3.23893229e-01]
 [ 1.46280924e-01  3.64908854e-01]
 [-1.77815755e-02  2.71158854e-01]
 [ 8.76871745e-02  3.14127604e-01]
 [ 4.08121745e-02  3.66861979e-01]
 [ 9.94059245e-02  4.07877604e-01]
 [-4.43562826e-01  3.82486979e-01]
 [-6.06282552e-03  4.70377604e-01]
 [-2.15657552e-03  5.21158854e-01]
 [-5.87972005e-02  5.62174479e-01]
 [-4.67000326e-01  2.18424479e-01]
 [-3.73250326e-01  3.02408854e-01]
 [-3.81062826e-01  3.41471354e-01]
 [-4.76765951e-01  2.86783854e-01]
 [-1.44927979e-01  7.41455078e-01]
 [-6.09771729e-01  1.08642578e-01]
 [-7.23052979e-01 -4.89013672e-01]
 [ 1.81243896e-01 -3.97949219e-02]
 [ 7.92572021e-01 -1.17846680e+00]
 [ 8.76556396e-01 -1.17846680e+00]
 [ 8.19915771e-01 -1.17846680e+00]
 [ 8.49212646e-01 -1.17846680e+00]
 [ 8.76556396e-01 -1.17846680e+00]
 [ 8.19915771e-01 -1.17846680e+00]
 [ 7.92572021e-01 -1.17846680e+00]
 [ 8.19915771e-01 -1.17846680e+00]
 [ 8.45306396e-01 -1.17846680e+00]
 [ 7.92572021e-01 -1.17846680e+00]
 [ 8.76556396e-01 -1.17846680e+00]
 [ 8.29874674e-01 -1.30110677e+00]
 [ 9.11905924e-01 -1.30110677e+00]
 [ 8.84562174e-01 -1.30110677e+00]
 [ 8.29874674e-01 -1.30110677e+00]
 [ 8.16345215e-02 -6.23779297e-01]
 [ 4.06188965e-02 -6.82373047e-01]
 [ 9.92126465e-02 -7.31201172e-01]
 [ 1.07025146e-01 -1.01440430e+00]
 [-1.01623535e-02 -6.00341797e-01]
 [-4.30297852e-03 -5.84716797e-01]
 [-1.52740479e-01 -4.30419922e-01]
 [-1.50787354e-01 -2.48779297e-01]
 [ 1.81437174e-01 -4.31966146e-01]
 [ 2.41984049e-01 -5.13997396e-01]
 [ 2.51749674e-01 -4.78841146e-01]
 [ 1.91202799e-01 -6.56575521e-01]
 [ 5.05777995e-02 -2.75716146e-01]
 [ 2.26359049e-01 -7.09309896e-01]
 [ 1.61905924e-01 -7.46419271e-01]
 [ 2.08780924e-01 -5.27669271e-01]]","[[ 0.63208008 -0.1078186 ]
 [ 0.68676758  0.07577515]
 [ 0.69458008  0.42147827]
 [ 0.54614258 -0.1625061 ]
 [ 0.5871582  -0.1468811 ]
 [ 0.64575195  0.00741577]
 [ 0.59692383 -0.1000061 ]
 [ 0.6418457   0.13241577]
 [ 0.46020508 -0.07852173]
 [ 0.5012207  -0.14883423]
 [ 0.41137695 -0.08828735]
 [ 0.45825195 -0.1156311 ]
 [ 0.50512695 -0.09414673]
 [ 0.41333008  0.07577515]
 [ 0.4621582   0.01913452]
 [ 0.5090332   0.00350952]
 [ 0.40161133 -0.05703735]
 [ 0.44458008 -0.1156311 ]
 [ 0.59301758  0.19882202]
 [ 0.63012695 -0.1312561 ]
 [ 0.67895508 -0.1078186 ]
 [ 0.59301758  0.20272827]
 [ 0.63208008 -0.09024048]
 [ 0.6809082  -0.03164673]
 [ 0.73364258  0.0796814 ]
 [ 0.16918945  1.10897827]
 [ 0.3215332   0.99960327]
 [ 0.49145508 -0.4515686 ]
 [ 0.51098633  0.36679077]
 [-0.05151367  1.14804077]
 [ 0.31762695  0.09335327]
 [ 0.37426758  0.1109314 ]
 [ 0.4309082   0.08944702]
 [ 0.4621582   0.15390015]
 [ 0.3762207   0.0718689 ]
 [ 0.4230957   0.04257202]
 [-0.07299805  1.46835327]
 [ 0.46061198  0.16886393]
 [ 0.5094401   0.20402018]
 [ 0.55240885  0.14152018]
 [ 0.42740885  0.28605143]
 [ 0.4781901   0.36808268]
 [ 0.52311198  0.37980143]
 [ 0.56998698  0.30948893]
 [ 0.5953776   0.12198893]
 [ 0.4781901   0.47550456]
 [ 0.52701823  0.46378581]
 [ 0.56998698  0.46378581]
 [ 0.37858073  0.39347331]
 [ 0.37858073  0.41495768]
 [ 0.42545573  0.43253581]
 [ 0.38248698  0.44034831]
 [ 0.42740885  0.51066081]
 [ 0.4781901   0.36222331]
 [ 0.27311198  0.63956706]
 [ 0.32389323  0.51652018]
 [ 0.36490885  0.49698893]
 [ 0.27115885  0.67277018]
 [ 0.3141276   0.64347331]
 [ 0.36686198  0.63175456]
 [ 0.4078776   0.62980143]
 [ 0.38248698  0.70011393]
 [ 0.4703776   0.27433268]
 [ 0.52115885  0.34073893]
 [ 0.56217448  0.23722331]
 [ 0.21842448  0.76652018]
 [ 0.30240885  0.66691081]
 [ 0.34147135  0.72159831]
 [ 0.28678385  0.63761393]
 [ 0.74145508 -0.74258423]
 [ 0.10864258  1.24765015]
 [-0.48901367  1.62460327]
 [-0.03979492  1.32577515]
 [-1.1784668   1.55233765]
 [-1.1784668   1.48788452]
 [-1.1784668   1.66171265]
 [-1.1784668   1.61483765]
 [-1.1784668   1.68710327]
 [-1.1784668   1.66952515]
 [-1.1784668  -1.7562561 ]
 [-1.1784668  -1.74453735]
 [-1.1784668  -1.68008423]
 [-1.1784668  -1.73477173]
 [-1.1784668  -1.67617798]
 [-1.30110677 -1.22176107]
 [-1.30110677 -1.21394857]
 [-1.30110677 -1.12605794]
 [-1.30110677 -1.11433919]
 [-0.6237793  -1.40274048]
 [-0.68237305 -1.4828186 ]
 [-0.73120117 -1.5375061 ]
 [-1.0144043  -1.6390686 ]
 [-0.6003418  -1.46133423]
 [-0.5847168  -1.50430298]
 [-0.43041992 -1.65664673]
 [-0.2487793  -1.6156311 ]
 [-0.43196615 -0.87019857]
 [-0.5139974  -0.96199544]
 [-0.47884115 -0.99519857]
 [-0.65657552 -1.04402669]
 [-0.27571615 -1.01472982]
 [-0.7093099  -1.26277669]
 [-0.74641927 -1.23738607]
 [-0.52766927 -1.08504232]]","[[ 1.91345215e-02 -1.07818604e-01]
 [-3.35998535e-02  7.57751465e-02]
 [-8.82873535e-02  4.21478271e-01]
 [-1.54693604e-01 -1.62506104e-01]
 [-4.14123535e-02 -1.46881104e-01]
 [-9.41467285e-02  7.41577148e-03]
 [-9.80529785e-02 -1.00006104e-01]
 [-9.41467285e-02  1.32415771e-01]
 [-2.09381104e-01 -7.85217285e-02]
 [-1.56646729e-01 -1.48834229e-01]
 [-2.09381104e-01 -8.82873535e-02]
 [-2.09381104e-01 -1.15631104e-01]
 [-2.09381104e-01 -9.41467285e-02]
 [-2.09381104e-01  7.57751465e-02]
 [-2.09381104e-01  1.91345215e-02]
 [-2.09381104e-01  3.50952148e-03]
 [-1.01623535e-02 -5.70373535e-02]
 [-4.30297852e-03 -1.15631104e-01]
 [-2.09381104e-01  1.98822021e-01]
 [ 1.91345215e-02 -1.31256104e-01]
 [ 2.49938965e-02 -1.07818604e-01]
 [-2.09381104e-01  2.02728271e-01]
 [ 1.91345215e-02 -9.02404785e-02]
 [ 2.49938965e-02 -3.16467285e-02]
 [-2.96936035e-02  7.96813965e-02]
 [-6.00006104e-01  1.10897827e+00]
 [ 1.34368896e-01  9.99603271e-01]
 [-2.64068604e-01 -4.51568604e-01]
 [-4.72717285e-02  3.66790771e-01]
 [-5.68756104e-01  1.14804077e+00]
 [-5.96099854e-01  9.33532715e-02]
 [-5.58990479e-01  1.10931396e-01]
 [-5.17974854e-01  8.94470215e-02]
 [-5.78521729e-01  1.53900146e-01]
 [-5.58990479e-01  7.18688965e-02]
 [-5.68756104e-01  4.25720215e-02]
 [-6.19537354e-01  1.46835327e+00]
 [-6.07503255e-02  1.68863932e-01]
 [-2.15657552e-03  2.04020182e-01]
 [-1.17390951e-01  1.41520182e-01]
 [-1.17390951e-01  2.86051432e-01]
 [-6.07503255e-02  3.68082682e-01]
 [-2.15657552e-03  3.79801432e-01]
 [-5.87972005e-02  3.09488932e-01]
 [-1.17390951e-01  1.21988932e-01]
 [-6.07503255e-02  4.75504557e-01]
 [-6.07503255e-02  4.63785807e-01]
 [-2.03450521e-04  4.63785807e-01]
 [ 4.08121745e-02  3.93473307e-01]
 [ 4.08121745e-02  4.14957682e-01]
 [ 4.47184245e-02  4.32535807e-01]
 [-1.19222005e-02  4.40348307e-01]
 [-8.01595052e-03  5.10660807e-01]
 [-6.07503255e-02  3.62223307e-01]
 [ 3.29996745e-02  6.39567057e-01]
 [ 8.76871745e-02  5.16520182e-01]
 [ 1.46280924e-01  4.96988932e-01]
 [-1.77815755e-02  6.72770182e-01]
 [ 8.76871745e-02  6.43473307e-01]
 [ 4.08121745e-02  6.31754557e-01]
 [ 9.94059245e-02  6.29801432e-01]
 [-4.43562826e-01  7.00113932e-01]
 [-6.06282552e-03  2.74332682e-01]
 [-2.15657552e-03  3.40738932e-01]
 [-5.87972005e-02  2.37223307e-01]
 [-4.67000326e-01  7.66520182e-01]
 [-3.73250326e-01  6.66910807e-01]
 [-3.81062826e-01  7.21598307e-01]
 [-4.76765951e-01  6.37613932e-01]
 [-1.44927979e-01 -7.42584229e-01]
 [-6.09771729e-01  1.24765015e+00]
 [-7.23052979e-01  1.62460327e+00]
 [ 1.81243896e-01  1.32577515e+00]
 [ 7.92572021e-01  1.55233765e+00]
 [ 8.76556396e-01  1.48788452e+00]
 [ 8.19915771e-01  1.66171265e+00]
 [ 8.49212646e-01  1.61483765e+00]
 [ 8.76556396e-01  1.68710327e+00]
 [ 8.19915771e-01  1.66952515e+00]
 [ 7.92572021e-01 -1.75625610e+00]
 [ 8.19915771e-01 -1.74453735e+00]
 [ 8.45306396e-01 -1.68008423e+00]
 [ 7.92572021e-01 -1.73477173e+00]
 [ 8.76556396e-01 -1.67617798e+00]
 [ 8.29874674e-01 -1.22176107e+00]
 [ 9.11905924e-01 -1.21394857e+00]
 [ 8.84562174e-01 -1.12605794e+00]
 [ 8.29874674e-01 -1.11433919e+00]
 [ 8.16345215e-02 -1.40274048e+00]
 [ 4.06188965e-02 -1.48281860e+00]
 [ 9.92126465e-02 -1.53750610e+00]
 [ 1.07025146e-01 -1.63906860e+00]
 [-1.01623535e-02 -1.46133423e+00]
 [-4.30297852e-03 -1.50430298e+00]
 [-1.52740479e-01 -1.65664673e+00]
 [-1.50787354e-01 -1.61563110e+00]
 [ 1.81437174e-01 -8.70198568e-01]
 [ 2.41984049e-01 -9.61995443e-01]
 [ 2.51749674e-01 -9.95198568e-01]
 [ 1.91202799e-01 -1.04402669e+00]
 [ 5.05777995e-02 -1.01472982e+00]
 [ 2.26359049e-01 -1.26277669e+00]
 [ 1.61905924e-01 -1.23738607e+00]
 [ 2.08780924e-01 -1.08504232e+00]]"
2,"[[ 0.65839844 -0.92903646]
 [ 0.62714844 -0.92903646]
 [ 0.59394531 -0.92903646]
 [ 0.56855469 -0.92903646]
 [ 0.81930634 -1.34960938]
 [ 0.84665009 -1.34960938]
 [ 0.79208984 -1.31000977]
 [ 0.76083984 -1.31000977]
 [ 0.72763672 -1.31000977]
 [ 0.72763672 -1.31000977]
 [ 0.65449219 -0.92903646]
 [ 0.60175781 -0.92903646]
 [ 0.62714844 -0.92903646]
 [ 0.65449219 -0.92903646]
 [ 0.54316406 -0.92903646]
 [ 0.62714844 -0.92903646]
 [ 0.60175781 -0.92903646]
 [ 0.81930634 -1.34960938]
 [ 0.78805634 -1.34960938]
 [ 0.81540009 -1.34960938]
 [ 0.81930634 -1.34960938]
 [ 0.72946259 -1.34960938]
 [ 0.79679362 -1.11165365]
 [ 0.79679362 -0.8499349 ]
 [ 0.76083984 -1.31000977]
 [ 0.70224609 -1.31000977]
 [ 0.72763672 -1.31000977]
 [-0.32402344  0.70377604]
 [-0.32207031  0.75455729]
 [-0.26542969  0.79752604]
 [-0.31621094  0.83463542]
 [-0.32792969  0.65494792]
 [-0.37675781  0.70182292]
 [-0.37480469  0.75455729]
 [-0.37285156  0.80143229]
 [-0.37089844  0.84244792]
 [-0.37675781  0.68229167]
 [-0.37480469  0.74283854]
 [-0.42753906  0.79361979]
 [-0.37089844  0.79361979]
 [-0.31035156  0.91276042]
 [-0.16311553  0.28515625]
 [-0.16116241  0.33203125]
 [-0.21194366  0.37890625]
 [-0.20999053  0.4296875 ]
 [-0.11233428  0.28125   ]
 [-0.16116241  0.33398438]
 [-0.21194366  0.38476562]
 [-0.20999053  0.4296875 ]
 [-0.06155303  0.27148438]
 [-0.05569366  0.30859375]
 [-0.04983428  0.33789062]
 [-0.26663116  0.42773438]
 [-0.26663116  0.26171875]
 [-0.21389678  0.3203125 ]
 [-0.21194366  0.37109375]
 [-0.26663116  0.3203125 ]
 [-0.14944366  0.51171875]
 [-0.14553741  0.56640625]
 [-0.20413116  0.6171875 ]
 [-0.26663116  0.3203125 ]
 [-0.26663116  0.36523438]
 [-0.20999053  0.47265625]
 [-0.20803741  0.51953125]
 [-0.20608428  0.56640625]
 [-0.26663116  0.47851562]
 [-0.11726888 -0.00227865]
 [-0.06453451  0.04654948]
 [-0.06258138  0.09147135]
 [-0.06062826  0.13639323]
 [-0.06062826  0.15397135]
 [-0.06648763 -0.01009115]
 [-0.06453451  0.03678385]
 [-0.06258138  0.08365885]
 [-0.06062826  0.1344401 ]
 [-0.06648763 -0.02766927]
 [-0.06453451  0.02311198]
 [-0.11726888  0.0719401 ]
 [-0.06062826  0.1266276 ]
 [-0.11726888  0.00553385]
 [-0.11726888  0.0563151 ]
 [-0.01180013  0.03873698]
 [-0.00789388  0.0875651 ]
 [-0.06062826  0.12467448]
 [-0.00203451  0.1578776 ]
 [-0.05867513  0.23014323]
 [-0.05672201  0.27897135]
 [-0.23250326  0.11686198]
 [-0.29384766  0.36772461]
 [-0.29384766  0.41655273]
 [-0.23720703  0.46342773]
 [-0.29384766  0.51811523]
 [-0.34462891  0.32670898]
 [-0.29384766  0.37749023]
 [-0.29384766  0.42436523]
 [-0.23720703  0.47124023]
 [-0.23720703  0.51030273]
 [-0.29384766  0.32280273]
 [-0.24111328  0.36772461]
 [-0.23916016  0.41655273]
 [-0.23720703  0.46147461]
 [-0.23720703  0.51420898]
 [-0.24111328  0.34428711]
 [-0.29384766  0.39311523]]","[[-0.92903646  2.00045573]
 [-0.92903646  2.00240885]
 [-0.92903646  2.04147135]
 [-0.92903646  2.07076823]
 [-1.34960938  1.95117188]
 [-1.34960938  2.02929688]
 [-1.31000977  1.73393555]
 [-1.31000977  1.8472168 ]
 [-1.31000977  1.80229492]
 [-1.31000977  1.89018555]
 [-0.92903646 -1.72415365]
 [-0.92903646 -1.56985677]
 [-0.92903646 -1.66165365]
 [-0.92903646 -1.67727865]
 [-0.92903646 -1.50735677]
 [-0.92903646 -1.53860677]
 [-0.92903646 -1.48782552]
 [-1.34960938 -1.5859375 ]
 [-1.34960938 -1.62695312]
 [-1.34960938 -1.71484375]
 [-1.34960938 -1.4296875 ]
 [-1.34960938 -1.50390625]
 [-1.11165365 -1.49072266]
 [-0.8499349  -1.36962891]
 [-1.31000977 -1.8793457 ]
 [-1.31000977 -1.84614258]
 [-1.31000977 -1.8168457 ]
 [ 0.70377604  0.31490885]
 [ 0.75455729  0.22311198]
 [ 0.79752604  0.23483073]
 [ 0.83463542  0.42428385]
 [ 0.65494792  0.34029948]
 [ 0.70182292  0.3735026 ]
 [ 0.75455729  0.31490885]
 [ 0.80143229  0.28561198]
 [ 0.84244792  0.36959635]
 [ 0.68229167  0.50436198]
 [ 0.74283854  0.42623698]
 [ 0.79361979  0.40279948]
 [ 0.79361979 -0.41751302]
 [ 0.91276042 -0.13626302]
 [ 0.28515625  0.09765625]
 [ 0.33203125  0.10351562]
 [ 0.37890625  0.05078125]
 [ 0.4296875   0.10546875]
 [ 0.28125     0.28710938]
 [ 0.33398438  0.21875   ]
 [ 0.38476562  0.16796875]
 [ 0.4296875   0.23242188]
 [ 0.27148438  0.3515625 ]
 [ 0.30859375  0.421875  ]
 [ 0.33789062  0.53320312]
 [ 0.42773438  0.3046875 ]
 [ 0.26171875  0.50390625]
 [ 0.3203125   0.43164062]
 [ 0.37109375  0.40429688]
 [ 0.3203125   0.44335938]
 [ 0.51171875 -0.0078125 ]
 [ 0.56640625  0.09375   ]
 [ 0.6171875   0.10351562]
 [ 0.3203125  -0.05664062]
 [ 0.36523438 -0.0625    ]
 [ 0.47265625  0.05664062]
 [ 0.51953125  0.05273438]
 [ 0.56640625  0.04882812]
 [ 0.47851562  0.20703125]
 [-0.00227865  0.09716797]
 [ 0.04654948  0.03271484]
 [ 0.09147135  0.05029297]
 [ 0.13639323  0.11865234]
 [ 0.15397135 -0.34228516]
 [-0.01009115  0.16943359]
 [ 0.03678385  0.17724609]
 [ 0.08365885  0.18115234]
 [ 0.1344401   0.13818359]
 [-0.02766927  0.30029297]
 [ 0.02311198  0.27880859]
 [ 0.0719401   0.27490234]
 [ 0.1266276   0.21630859]
 [ 0.00553385  0.37060547]
 [ 0.0563151   0.35693359]
 [ 0.03873698  0.14013672]
 [ 0.0875651   0.09130859]
 [ 0.12467448  0.22412109]
 [ 0.1578776   0.30810547]
 [ 0.23014323  0.11865234]
 [ 0.27897135  0.04443359]
 [ 0.11686198 -0.48681641]
 [ 0.36772461 -0.20161133]
 [ 0.41655273 -0.17426758]
 [ 0.46342773 -0.16645508]
 [ 0.51811523  0.71635742]
 [ 0.32670898 -0.10981445]
 [ 0.37749023 -0.0668457 ]
 [ 0.42436523 -0.0668457 ]
 [ 0.47124023 -0.03754883]
 [ 0.51030273  0.14018555]
 [ 0.32280273  0.15385742]
 [ 0.36772461  0.1597168 ]
 [ 0.41655273  0.13823242]
 [ 0.46147461  0.17338867]
 [ 0.51420898  0.10112305]
 [ 0.34428711  0.31791992]
 [ 0.39311523  0.31010742]]","[[ 6.58398438e-01  2.00045573e+00]
 [ 6.27148438e-01  2.00240885e+00]
 [ 5.93945313e-01  2.04147135e+00]
 [ 5.68554688e-01  2.07076823e+00]
 [ 8.19306345e-01  1.95117188e+00]
 [ 8.46650095e-01  2.02929688e+00]
 [ 7.92089844e-01  1.73393555e+00]
 [ 7.60839844e-01  1.84721680e+00]
 [ 7.27636719e-01  1.80229492e+00]
 [ 7.27636719e-01  1.89018555e+00]
 [ 6.54492188e-01 -1.72415365e+00]
 [ 6.01757813e-01 -1.56985677e+00]
 [ 6.27148438e-01 -1.66165365e+00]
 [ 6.54492188e-01 -1.67727865e+00]
 [ 5.43164063e-01 -1.50735677e+00]
 [ 6.27148438e-01 -1.53860677e+00]
 [ 6.01757813e-01 -1.48782552e+00]
 [ 8.19306345e-01 -1.58593750e+00]
 [ 7.88056345e-01 -1.62695312e+00]
 [ 8.15400095e-01 -1.71484375e+00]
 [ 8.19306345e-01 -1.42968750e+00]
 [ 7.29462595e-01 -1.50390625e+00]
 [ 7.96793620e-01 -1.49072266e+00]
 [ 7.96793620e-01 -1.36962891e+00]
 [ 7.60839844e-01 -1.87934570e+00]
 [ 7.02246094e-01 -1.84614258e+00]
 [ 7.27636719e-01 -1.81684570e+00]
 [-3.24023438e-01  3.14908854e-01]
 [-3.22070313e-01  2.23111979e-01]
 [-2.65429688e-01  2.34830729e-01]
 [-3.16210938e-01  4.24283854e-01]
 [-3.27929688e-01  3.40299479e-01]
 [-3.76757813e-01  3.73502604e-01]
 [-3.74804688e-01  3.14908854e-01]
 [-3.72851563e-01  2.85611979e-01]
 [-3.70898438e-01  3.69596354e-01]
 [-3.76757813e-01  5.04361979e-01]
 [-3.74804688e-01  4.26236979e-01]
 [-4.27539063e-01  4.02799479e-01]
 [-3.70898438e-01 -4.17513021e-01]
 [-3.10351563e-01 -1.36263021e-01]
 [-1.63115530e-01  9.76562500e-02]
 [-1.61162405e-01  1.03515625e-01]
 [-2.11943655e-01  5.07812500e-02]
 [-2.09990530e-01  1.05468750e-01]
 [-1.12334280e-01  2.87109375e-01]
 [-1.61162405e-01  2.18750000e-01]
 [-2.11943655e-01  1.67968750e-01]
 [-2.09990530e-01  2.32421875e-01]
 [-6.15530303e-02  3.51562500e-01]
 [-5.56936553e-02  4.21875000e-01]
 [-4.98342803e-02  5.33203125e-01]
 [-2.66631155e-01  3.04687500e-01]
 [-2.66631155e-01  5.03906250e-01]
 [-2.13896780e-01  4.31640625e-01]
 [-2.11943655e-01  4.04296875e-01]
 [-2.66631155e-01  4.43359375e-01]
 [-1.49443655e-01 -7.81250000e-03]
 [-1.45537405e-01  9.37500000e-02]
 [-2.04131155e-01  1.03515625e-01]
 [-2.66631155e-01 -5.66406250e-02]
 [-2.66631155e-01 -6.25000000e-02]
 [-2.09990530e-01  5.66406250e-02]
 [-2.08037405e-01  5.27343750e-02]
 [-2.06084280e-01  4.88281250e-02]
 [-2.66631155e-01  2.07031250e-01]
 [-1.17268880e-01  9.71679688e-02]
 [-6.45345052e-02  3.27148438e-02]
 [-6.25813802e-02  5.02929688e-02]
 [-6.06282552e-02  1.18652344e-01]
 [-6.06282552e-02 -3.42285156e-01]
 [-6.64876302e-02  1.69433594e-01]
 [-6.45345052e-02  1.77246094e-01]
 [-6.25813802e-02  1.81152344e-01]
 [-6.06282552e-02  1.38183594e-01]
 [-6.64876302e-02  3.00292969e-01]
 [-6.45345052e-02  2.78808594e-01]
 [-1.17268880e-01  2.74902344e-01]
 [-6.06282552e-02  2.16308594e-01]
 [-1.17268880e-01  3.70605469e-01]
 [-1.17268880e-01  3.56933594e-01]
 [-1.18001302e-02  1.40136719e-01]
 [-7.89388021e-03  9.13085938e-02]
 [-6.06282552e-02  2.24121094e-01]
 [-2.03450521e-03  3.08105469e-01]
 [-5.86751302e-02  1.18652344e-01]
 [-5.67220052e-02  4.44335938e-02]
 [-2.32503255e-01 -4.86816406e-01]
 [-2.93847656e-01 -2.01611328e-01]
 [-2.93847656e-01 -1.74267578e-01]
 [-2.37207031e-01 -1.66455078e-01]
 [-2.93847656e-01  7.16357422e-01]
 [-3.44628906e-01 -1.09814453e-01]
 [-2.93847656e-01 -6.68457031e-02]
 [-2.93847656e-01 -6.68457031e-02]
 [-2.37207031e-01 -3.75488281e-02]
 [-2.37207031e-01  1.40185547e-01]
 [-2.93847656e-01  1.53857422e-01]
 [-2.41113281e-01  1.59716797e-01]
 [-2.39160156e-01  1.38232422e-01]
 [-2.37207031e-01  1.73388672e-01]
 [-2.37207031e-01  1.01123047e-01]
 [-2.41113281e-01  3.17919922e-01]
 [-2.93847656e-01  3.10107422e-01]]"
3,"[[-0.17275391  0.60795898]
 [-0.23134766  0.65678711]
 [-0.29384766  0.35209961]
 [-0.18251953  0.45756836]
 [-0.17861328  0.48881836]
 [-0.23525391  0.54741211]
 [-0.17275391  0.60600586]
 [-0.23134766  0.65678711]
 [-0.12197266  0.47709961]
 [-0.23330078  0.52983398]
 [-0.29384766  0.55913086]
 [-0.29384766  0.56499023]
 [-0.34723395  0.56107475]
 [-0.45660895  0.59818412]
 [-0.23590583  0.63138725]
 [-0.29059333  0.65287162]
 [-0.34723395  0.51419975]
 [-0.34723395  0.56107475]
 [-0.40192145  0.60599662]
 [-0.29059333  0.65482475]
 [-0.34723395  0.69974662]
 [-0.34723395  0.49857475]
 [-0.34723395  0.54740287]
 [-0.40192145  0.5884185 ]
 [-0.45856208  0.6196685 ]
 [-0.29449958  0.54740287]
 [-0.18512458  0.59818412]
 [-0.23590583  0.64896537]
 [-0.23199958  0.689981  ]
 [-0.29449958  0.53177787]
 [-0.23785895  0.5884185 ]
 [-0.23590583  0.6352935 ]
 [-0.23199958  0.68021537]
 [-0.34723395  0.486856  ]
 [-0.51910895  0.68607475]
 [-0.42912046  0.74073841]
 [-0.42912046  0.78761341]
 [-0.37247984  0.82667591]
 [-0.37833921  0.69972278]
 [-0.37638609  0.74659778]
 [-0.42912046  0.79347278]
 [-0.42912046  0.84034778]
 [-0.25724546  0.87745716]
 [-0.37833921  0.68605091]
 [-0.37638609  0.74269153]
 [-0.37443296  0.79347278]
 [-0.31779234  0.83839466]
 [-0.37638609  0.72706653]
 [-0.37443296  0.77589466]
 [-0.26115171  0.80714466]
 [-0.37247984  0.84034778]
 [-0.33025174  0.52478299]
 [-0.33025174  0.56970486]
 [-0.16228299  0.60095486]
 [-0.21501736  0.66345486]
 [-0.17204861  0.51892361]
 [-0.22087674  0.57165799]
 [-0.21892361  0.61267361]
 [-0.21501736  0.66540799]
 [-0.27165799  0.67322049]
 [-0.17204861  0.50329861]
 [-0.16814236  0.56384549]
 [-0.27361111  0.62243924]
 [-0.21501736  0.66345486]
 [-0.27165799  0.70056424]
 [-0.33025174  0.49353299]
 [-0.33025174  0.55798611]
 [-0.33025174  0.61072049]
 [-0.27361111  0.66150174]
 [-0.23525391  0.39116211]
 [ 0.75302734 -1.31000977]
 [ 0.6488598  -1.12642525]
 [ 0.67425042 -1.12642525]
 [ 0.69964105 -1.12642525]
 [ 0.67425042 -1.12642525]
 [ 0.69964105 -1.12642525]
 [ 0.65471917 -1.12642525]
 [ 0.62346917 -1.12642525]
 [ 0.56697329 -0.93894909]
 [ 0.59236391 -0.93894909]
 [ 0.55525454 -0.93894909]
 [ 0.59236391 -0.93894909]
 [ 0.61775454 -0.93894909]
 [ 0.66584201 -1.15881076]
 [ 0.63068576 -1.15881076]
 [ 0.65412326 -1.15881076]
 [ 0.73544922 -1.31000977]
 [ 0.79208984 -1.31000977]
 [ 0.6488598  -1.12642525]
 [ 0.68206292 -1.12642525]
 [ 0.70745355 -1.12642525]
 [ 0.61370355 -1.12642525]
 [ 0.73870355 -1.12642525]
 [ 0.56697329 -0.93894909]
 [ 0.54158266 -0.93894909]
 [ 0.56697329 -0.93894909]
 [ 0.53181704 -0.93894909]
 [ 0.61775454 -0.93894909]
 [ 0.56697329 -0.93894909]
 [ 0.59236391 -0.93894909]
 [ 0.48494204 -0.93894909]
 [ 0.69123264 -1.15881076]
 [ 0.65412326 -1.15881076]
 [ 0.63068576 -1.15881076]
 [ 0.65412326 -1.15881076]]","[[ 6.07958984e-01 -5.70800781e-02]
 [ 6.56787109e-01 -8.05175781e-02]
 [ 3.52099609e-01 -3.10986328e-01]
 [ 4.57568359e-01  1.85107422e-01]
 [ 4.88818359e-01  2.96435547e-01]
 [ 5.47412109e-01  2.37841797e-01]
 [ 6.06005859e-01  8.15917969e-02]
 [ 6.56787109e-01  5.62011719e-02]
 [ 4.77099609e-01  3.29638672e-01]
 [ 5.29833984e-01  5.38623047e-01]
 [ 5.59130859e-01 -1.68408203e-01]
 [ 5.64990234e-01  4.05761719e-02]
 [ 5.61074747e-01 -2.43084882e-01]
 [ 5.98184122e-01 -3.60536318e-02]
 [ 6.31387247e-01 -4.50116132e-01]
 [ 6.52871622e-01 -6.00506757e-01]
 [ 5.14199747e-01 -1.68866132e-01]
 [ 5.61074747e-01 -1.39569257e-01]
 [ 6.05996622e-01 -1.16131757e-01]
 [ 6.54824747e-01 -2.07928632e-01]
 [ 6.99746622e-01 -2.56756757e-01]
 [ 4.98574747e-01  4.59776182e-02]
 [ 5.47402872e-01  3.62119932e-02]
 [ 5.88418497e-01  6.55088682e-02]
 [ 6.19668497e-01  1.47540118e-01]
 [ 5.47402872e-01  1.86338682e-02]
 [ 5.98184122e-01 -9.85536318e-02]
 [ 6.48965372e-01 -1.06366132e-01]
 [ 6.89980997e-01 -8.97381757e-04]
 [ 5.31777872e-01  1.26055743e-01]
 [ 5.88418497e-01  4.79307432e-02]
 [ 6.35293497e-01  5.96494932e-02]
 [ 6.80215372e-01  7.13682432e-02]
 [ 4.86855997e-01  5.71368243e-01]
 [ 6.86074747e-01 -1.65223818e-02]
 [ 7.40738407e-01 -1.14100302e-01]
 [ 7.87613407e-01 -1.08240927e-01]
 [ 8.26675907e-01 -1.74647177e-01]
 [ 6.99722782e-01  1.45665323e-01]
 [ 7.46597782e-01 -4.72530242e-03]
 [ 7.93472782e-01 -3.59753024e-02]
 [ 8.40347782e-01 -4.18346774e-02]
 [ 8.77457157e-01  1.61290323e-01]
 [ 6.86050907e-01  2.74571573e-01]
 [ 7.42691532e-01  1.84727823e-01]
 [ 7.93472782e-01  1.41759073e-01]
 [ 8.38394657e-01  7.73059476e-02]
 [ 7.27066532e-01  3.25352823e-01]
 [ 7.75894657e-01  3.13634073e-01]
 [ 8.07144657e-01  3.66368448e-01]
 [ 8.40347782e-01 -3.58240927e-01]
 [ 5.24782986e-01  2.56293403e-01]
 [ 5.69704861e-01  2.99262153e-01]
 [ 6.00954861e-01 -6.59722222e-02]
 [ 6.63454861e-01  6.09809028e-02]
 [ 5.18923611e-01  2.36762153e-01]
 [ 5.71657986e-01  1.87934028e-01]
 [ 6.12673611e-01 -5.42534722e-03]
 [ 6.65407986e-01  1.60590278e-01]
 [ 6.73220486e-01  5.45355903e-01]
 [ 5.03298611e-01  4.02777778e-01]
 [ 5.63845486e-01  2.85590278e-01]
 [ 6.22439236e-01  1.25434028e-01]
 [ 6.63454861e-01  2.40668403e-01]
 [ 7.00564236e-01  3.83246528e-01]
 [ 4.93532986e-01  4.90668403e-01]
 [ 5.57986111e-01  3.94965278e-01]
 [ 6.10720486e-01  3.59809028e-01]
 [ 6.61501736e-01  3.22699653e-01]
 [ 3.91162109e-01 -8.01220703e-01]
 [-1.31000977e+00  1.78666992e+00]
 [-1.12642525e+00  1.65730574e+00]
 [-1.12642525e+00  1.61824324e+00]
 [-1.12642525e+00  1.51863387e+00]
 [-1.12642525e+00  1.72761824e+00]
 [-1.12642525e+00  1.62410262e+00]
 [-1.12642525e+00  1.37410262e+00]
 [-1.12642525e+00  1.61629012e+00]
 [-9.38949093e-01  1.82339970e+00]
 [-9.38949093e-01  1.84683720e+00]
 [-9.38949093e-01  1.83902470e+00]
 [-9.38949093e-01  1.96597782e+00]
 [-9.38949093e-01  2.01089970e+00]
 [-1.15881076e+00  1.96527778e+00]
 [-1.15881076e+00  1.99652778e+00]
 [-1.15881076e+00  2.00434028e+00]
 [-1.31000977e+00 -1.72895508e+00]
 [-1.31000977e+00 -1.76997070e+00]
 [-1.12642525e+00 -2.00675676e+00]
 [-1.12642525e+00 -1.82902238e+00]
 [-1.12642525e+00 -1.87199113e+00]
 [-1.12642525e+00 -1.96574113e+00]
 [-1.12642525e+00 -1.96183488e+00]
 [-9.38949093e-01 -1.76839718e+00]
 [-9.38949093e-01 -1.61605343e+00]
 [-9.38949093e-01 -1.70785030e+00]
 [-9.38949093e-01 -1.80745968e+00]
 [-9.38949093e-01 -1.78792843e+00]
 [-9.38949093e-01 -1.55160030e+00]
 [-9.38949093e-01 -1.67660030e+00]
 [-9.38949093e-01 -1.66292843e+00]
 [-1.15881076e+00 -1.70073785e+00]
 [-1.15881076e+00 -1.77300347e+00]
 [-1.15881076e+00 -1.60308160e+00]
 [-1.15881076e+00 -1.64605035e+00]]","[[-1.72753906e-01 -5.70800781e-02]
 [-2.31347656e-01 -8.05175781e-02]
 [-2.93847656e-01 -3.10986328e-01]
 [-1.82519531e-01  1.85107422e-01]
 [-1.78613281e-01  2.96435547e-01]
 [-2.35253906e-01  2.37841797e-01]
 [-1.72753906e-01  8.15917969e-02]
 [-2.31347656e-01  5.62011719e-02]
 [-1.21972656e-01  3.29638672e-01]
 [-2.33300781e-01  5.38623047e-01]
 [-2.93847656e-01 -1.68408203e-01]
 [-2.93847656e-01  4.05761719e-02]
 [-3.47233953e-01 -2.43084882e-01]
 [-4.56608953e-01 -3.60536318e-02]
 [-2.35905828e-01 -4.50116132e-01]
 [-2.90593328e-01 -6.00506757e-01]
 [-3.47233953e-01 -1.68866132e-01]
 [-3.47233953e-01 -1.39569257e-01]
 [-4.01921453e-01 -1.16131757e-01]
 [-2.90593328e-01 -2.07928632e-01]
 [-3.47233953e-01 -2.56756757e-01]
 [-3.47233953e-01  4.59776182e-02]
 [-3.47233953e-01  3.62119932e-02]
 [-4.01921453e-01  6.55088682e-02]
 [-4.58562078e-01  1.47540118e-01]
 [-2.94499578e-01  1.86338682e-02]
 [-1.85124578e-01 -9.85536318e-02]
 [-2.35905828e-01 -1.06366132e-01]
 [-2.31999578e-01 -8.97381757e-04]
 [-2.94499578e-01  1.26055743e-01]
 [-2.37858953e-01  4.79307432e-02]
 [-2.35905828e-01  5.96494932e-02]
 [-2.31999578e-01  7.13682432e-02]
 [-3.47233953e-01  5.71368243e-01]
 [-5.19108953e-01 -1.65223818e-02]
 [-4.29120464e-01 -1.14100302e-01]
 [-4.29120464e-01 -1.08240927e-01]
 [-3.72479839e-01 -1.74647177e-01]
 [-3.78339214e-01  1.45665323e-01]
 [-3.76386089e-01 -4.72530242e-03]
 [-4.29120464e-01 -3.59753024e-02]
 [-4.29120464e-01 -4.18346774e-02]
 [-2.57245464e-01  1.61290323e-01]
 [-3.78339214e-01  2.74571573e-01]
 [-3.76386089e-01  1.84727823e-01]
 [-3.74432964e-01  1.41759073e-01]
 [-3.17792339e-01  7.73059476e-02]
 [-3.76386089e-01  3.25352823e-01]
 [-3.74432964e-01  3.13634073e-01]
 [-2.61151714e-01  3.66368448e-01]
 [-3.72479839e-01 -3.58240927e-01]
 [-3.30251736e-01  2.56293403e-01]
 [-3.30251736e-01  2.99262153e-01]
 [-1.62282986e-01 -6.59722222e-02]
 [-2.15017361e-01  6.09809028e-02]
 [-1.72048611e-01  2.36762153e-01]
 [-2.20876736e-01  1.87934028e-01]
 [-2.18923611e-01 -5.42534722e-03]
 [-2.15017361e-01  1.60590278e-01]
 [-2.71657986e-01  5.45355903e-01]
 [-1.72048611e-01  4.02777778e-01]
 [-1.68142361e-01  2.85590278e-01]
 [-2.73611111e-01  1.25434028e-01]
 [-2.15017361e-01  2.40668403e-01]
 [-2.71657986e-01  3.83246528e-01]
 [-3.30251736e-01  4.90668403e-01]
 [-3.30251736e-01  3.94965278e-01]
 [-3.30251736e-01  3.59809028e-01]
 [-2.73611111e-01  3.22699653e-01]
 [-2.35253906e-01 -8.01220703e-01]
 [ 7.53027344e-01  1.78666992e+00]
 [ 6.48859797e-01  1.65730574e+00]
 [ 6.74250422e-01  1.61824324e+00]
 [ 6.99641047e-01  1.51863387e+00]
 [ 6.74250422e-01  1.72761824e+00]
 [ 6.99641047e-01  1.62410262e+00]
 [ 6.54719172e-01  1.37410262e+00]
 [ 6.23469172e-01  1.61629012e+00]
 [ 5.66973286e-01  1.82339970e+00]
 [ 5.92363911e-01  1.84683720e+00]
 [ 5.55254536e-01  1.83902470e+00]
 [ 5.92363911e-01  1.96597782e+00]
 [ 6.17754536e-01  2.01089970e+00]
 [ 6.65842014e-01  1.96527778e+00]
 [ 6.30685764e-01  1.99652778e+00]
 [ 6.54123264e-01  2.00434028e+00]
 [ 7.35449219e-01 -1.72895508e+00]
 [ 7.92089844e-01 -1.76997070e+00]
 [ 6.48859797e-01 -2.00675676e+00]
 [ 6.82062922e-01 -1.82902238e+00]
 [ 7.07453547e-01 -1.87199113e+00]
 [ 6.13703547e-01 -1.96574113e+00]
 [ 7.38703547e-01 -1.96183488e+00]
 [ 5.66973286e-01 -1.76839718e+00]
 [ 5.41582661e-01 -1.61605343e+00]
 [ 5.66973286e-01 -1.70785030e+00]
 [ 5.31817036e-01 -1.80745968e+00]
 [ 6.17754536e-01 -1.78792843e+00]
 [ 5.66973286e-01 -1.55160030e+00]
 [ 5.92363911e-01 -1.67660030e+00]
 [ 4.84942036e-01 -1.66292843e+00]
 [ 6.91232639e-01 -1.70073785e+00]
 [ 6.54123264e-01 -1.77300347e+00]
 [ 6.30685764e-01 -1.60308160e+00]
 [ 6.54123264e-01 -1.64605035e+00]]"
4,"[[-2.71657986e-01  7.14236111e-01]
 [-3.30251736e-01  6.61501736e-01]
 [-2.71657986e-01  7.02517361e-01]
 [-5.47048611e-01  5.26736111e-01]
 [-3.30251736e-01  6.86892361e-01]
 [-3.30251736e-01  4.93532986e-01]
 [-3.90798611e-01  7.35720486e-01]
 [ 5.74127907e-02  3.77134811e-01]
 [ 1.05377907e-02  4.33775436e-01]
 [ 1.63971657e-02  4.78697311e-01]
 [-4.34774709e-01  4.31822311e-01]
 [-1.18095930e-03  3.26353561e-01]
 [ 4.67841570e-03  3.77134811e-01]
 [ 1.05377907e-02  4.29869186e-01]
 [ 1.63971657e-02  4.76744186e-01]
 [-3.43840843e-02  5.25572311e-01]
 [-8.90715843e-02  5.60728561e-01]
 [ 4.67841570e-03  3.61509811e-01]
 [ 1.05377907e-02  4.18150436e-01]
 [ 1.63971657e-02  4.63072311e-01]
 [-1.49618459e-01  5.21666061e-01]
 [-8.90715843e-02  5.70494186e-01]
 [-2.06259084e-01  5.27525436e-01]
 [-1.47665334e-01  5.66587936e-01]
 [-1.45712209e-01  6.07603561e-01]
 [-2.06259084e-01  5.21666061e-01]
 [-2.06259084e-01  5.76353561e-01]
 [-9.68840843e-02  4.41587936e-01]
 [-2.06259084e-01  5.21666061e-01]
 [-1.47665334e-01  5.58775436e-01]
 [-5.57821584e-01  5.35337936e-01]
 [-7.47274709e-01  5.41197311e-01]
 [-7.47274709e-01  5.47056686e-01]
 [-7.60946584e-01  5.99791061e-01]
 [-2.06259084e-01  4.18150436e-01]
 [ 4.24773185e-01  5.06552419e-01]
 [-1.08429940e-01  5.20224294e-01]
 [-1.06476815e-01  5.63193044e-01]
 [-1.61164315e-01  6.04208669e-01]
 [-1.61164315e-01  5.72958669e-01]
 [-1.61164315e-01  4.87021169e-01]
 [-1.61164315e-01  5.86630544e-01]
 [-1.04523690e-01  6.43271169e-01]
 [-1.61164315e-01  7.05771169e-01]
 [-1.61164315e-01  6.39364919e-01]
 [-1.02570565e-01  6.74521169e-01]
 [-3.19367440e-01  4.59677419e-01]
 [-1.61164315e-01  5.47568044e-01]
 [-1.61164315e-01  6.15927419e-01]
 [-1.04523690e-01  6.51083669e-01]
 [-1.02570565e-01  6.53036794e-01]
 [-7.62726815e-01  6.41318044e-01]
 [-7.76398690e-01  7.05771169e-01]
 [-8.21320565e-01  6.41318044e-01]
 [-2.36922554e-02  9.52785326e-02]
 [ 2.90421196e-02  1.44106658e-01]
 [ 8.56827446e-02  1.87075408e-01]
 [ 1.44276495e-01  2.28091033e-01]
 [-2.36922554e-02  1.51919158e-01]
 [-2.36922554e-02  3.33559783e-01]
 [ 1.52088995e-01  3.25747283e-01]
 [ 3.68546196e-02  3.78481658e-01]
 [ 2.69276495e-01  2.80825408e-01]
 [ 8.17764946e-02  1.36294158e-01]
 [ 1.38417120e-01  1.81216033e-01]
 [ 1.44276495e-01  2.30044158e-01]
 [-2.36922554e-02  9.72316576e-02]
 [ 8.17764946e-02  1.42153533e-01]
 [ 8.56827446e-02  1.89028533e-01]
 [ 1.44276495e-01  2.31997283e-01]
 [-2.07204861e-01  5.28689236e-01]
 [-3.30251736e-01  2.51345486e-01]
 [ 7.51779514e-01 -1.15881076e+00]
 [ 6.91232639e-01 -9.34201389e-01]
 [ 7.16623264e-01 -9.83029514e-01]
 [ 7.24435764e-01 -1.15881076e+00]
 [ 7.24435764e-01 -1.15881076e+00]
 [ 6.07248264e-01 -8.03342014e-01]
 [ 8.15225291e-01 -1.28692769e+00]
 [ 7.78115916e-01 -1.28692769e+00]
 [ 8.15225291e-01 -1.28692769e+00]
 [ 7.78115916e-01 -1.28692769e+00]
 [ 7.78115916e-01 -9.86146439e-01]
 [ 7.31240916e-01 -1.28692769e+00]
 [ 6.72647166e-01 -1.28692769e+00]
 [ 7.54678416e-01 -8.61146439e-01]
 [ 7.99773185e-01 -1.16336946e+00]
 [ 8.23210685e-01 -1.16336946e+00]
 [ 7.99773185e-01 -1.16336946e+00]
 [ 7.62663810e-01 -1.16336946e+00]
 [ 6.80632560e-01 -1.16336946e+00]
 [ 8.23210685e-01 -5.26650706e-01]]","[[ 7.14236111e-01  2.05512153e-01]
 [ 6.61501736e-01  3.12934028e-01]
 [ 7.02517361e-01 -7.57378472e-02]
 [ 5.26736111e-01 -1.96831597e-01]
 [ 6.86892361e-01  4.84809028e-01]
 [ 4.93532986e-01  1.13129340e+00]
 [ 7.35720486e-01 -1.65581597e-01]
 [ 3.77134811e-01  4.86646076e-01]
 [ 4.33775436e-01  4.35864826e-01]
 [ 4.78697311e-01  4.61255451e-01]
 [ 4.31822311e-01 -1.75463299e-01]
 [ 3.26353561e-01  6.23364826e-01]
 [ 3.77134811e-01  5.82349201e-01]
 [ 4.29869186e-01  5.27661701e-01]
 [ 4.76744186e-01  5.31567951e-01]
 [ 5.25572311e-01  5.80396076e-01]
 [ 5.60728561e-01  7.05396076e-01]
 [ 3.61509811e-01  6.97583576e-01]
 [ 4.18150436e-01  6.42896076e-01]
 [ 4.63072311e-01  6.48755451e-01]
 [ 5.21666061e-01  6.70239826e-01]
 [ 5.70494186e-01  6.37036701e-01]
 [ 5.27525436e-01  6.33130451e-01]
 [ 5.66587936e-01  6.78052326e-01]
 [ 6.07603561e-01  8.62554506e-02]
 [ 5.21666061e-01  6.72192951e-01]
 [ 5.76353561e-01  6.19458576e-01]
 [ 4.41587936e-01  2.95239826e-01]
 [ 5.21666061e-01  1.33130451e-01]
 [ 5.58775436e-01  8.03960756e-02]
 [ 5.35337936e-01  1.35083576e-01]
 [ 5.41197311e-01  1.62427326e-01]
 [ 5.47056686e-01  2.07349201e-01]
 [ 5.99791061e-01  5.08130451e-01]
 [ 4.18150436e-01 -5.81713299e-01]
 [ 5.06552419e-01  8.31086190e-01]
 [ 5.20224294e-01  3.17414315e-01]
 [ 5.63193044e-01  3.70148690e-01]
 [ 6.04208669e-01  4.30695565e-01]
 [ 5.72958669e-01  7.84211190e-01]
 [ 4.87021169e-01  1.10452369e+00]
 [ 5.86630544e-01  5.45929940e-01]
 [ 6.43271169e-01  4.81476815e-01]
 [ 7.05771169e-01  3.56476815e-01]
 [ 6.39364919e-01  5.14679940e-01]
 [ 6.74521169e-01  5.75226815e-01]
 [ 4.59677419e-01 -2.25554435e-01]
 [ 5.47568044e-01 -7.12575605e-02]
 [ 6.15927419e-01  1.45539315e-01]
 [ 6.51083669e-01  1.00806452e-03]
 [ 6.53036794e-01 -2.50945060e-01]
 [ 6.41318044e-01 -6.73513105e-02]
 [ 7.05771169e-01  2.51008065e-01]
 [ 6.41318044e-01  2.11945565e-01]
 [ 9.52785326e-02  3.08933424e-01]
 [ 1.44106658e-01  2.62058424e-01]
 [ 1.87075408e-01  2.89402174e-01]
 [ 2.28091033e-01  3.22605299e-01]
 [ 1.51919158e-01  7.46433424e-01]
 [ 3.33559783e-01  1.95652174e-01]
 [ 3.25747283e-01  2.28855299e-01]
 [ 3.78481658e-01  2.64011549e-01]
 [ 2.80825408e-01  5.23777174e-01]
 [ 1.36294158e-01  5.11209239e-02]
 [ 1.81216033e-01  8.23709239e-02]
 [ 2.30044158e-01  1.05808424e-01]
 [ 9.72316576e-02  1.11667799e-01]
 [ 1.42153533e-01  1.58542799e-01]
 [ 1.89028533e-01  1.97605299e-01]
 [ 2.31997283e-01  2.54245924e-01]
 [ 5.28689236e-01 -8.55034722e-01]
 [ 2.51345486e-01  1.52387153e+00]
 [-1.15881076e+00 -1.65190972e+00]
 [-9.34201389e-01 -1.46245660e+00]
 [-9.83029514e-01 -1.50737847e+00]
 [-1.15881076e+00 -1.61284722e+00]
 [-1.15881076e+00 -1.52886285e+00]
 [-8.03342014e-01 -1.43315972e+00]
 [-1.28692769e+00 -1.34929142e+00]
 [-1.28692769e+00 -1.48796330e+00]
 [-1.28692769e+00 -1.25944767e+00]
 [-1.28692769e+00 -1.39226017e+00]
 [-9.86146439e-01 -1.27507267e+00]
 [-1.28692769e+00 -1.36686955e+00]
 [-1.28692769e+00 -1.37468205e+00]
 [-8.61146439e-01 -1.20671330e+00]
 [-1.16336946e+00 -1.47750756e+00]
 [-1.16336946e+00 -1.59078881e+00]
 [-1.16336946e+00 -1.54196069e+00]
 [-1.16336946e+00 -1.61813256e+00]
 [-1.16336946e+00 -1.65328881e+00]
 [-5.26650706e-01 -1.37008569e+00]]","[[-2.71657986e-01  2.05512153e-01]
 [-3.30251736e-01  3.12934028e-01]
 [-2.71657986e-01 -7.57378472e-02]
 [-5.47048611e-01 -1.96831597e-01]
 [-3.30251736e-01  4.84809028e-01]
 [-3.30251736e-01  1.13129340e+00]
 [-3.90798611e-01 -1.65581597e-01]
 [ 5.74127907e-02  4.86646076e-01]
 [ 1.05377907e-02  4.35864826e-01]
 [ 1.63971657e-02  4.61255451e-01]
 [-4.34774709e-01 -1.75463299e-01]
 [-1.18095930e-03  6.23364826e-01]
 [ 4.67841570e-03  5.82349201e-01]
 [ 1.05377907e-02  5.27661701e-01]
 [ 1.63971657e-02  5.31567951e-01]
 [-3.43840843e-02  5.80396076e-01]
 [-8.90715843e-02  7.05396076e-01]
 [ 4.67841570e-03  6.97583576e-01]
 [ 1.05377907e-02  6.42896076e-01]
 [ 1.63971657e-02  6.48755451e-01]
 [-1.49618459e-01  6.70239826e-01]
 [-8.90715843e-02  6.37036701e-01]
 [-2.06259084e-01  6.33130451e-01]
 [-1.47665334e-01  6.78052326e-01]
 [-1.45712209e-01  8.62554506e-02]
 [-2.06259084e-01  6.72192951e-01]
 [-2.06259084e-01  6.19458576e-01]
 [-9.68840843e-02  2.95239826e-01]
 [-2.06259084e-01  1.33130451e-01]
 [-1.47665334e-01  8.03960756e-02]
 [-5.57821584e-01  1.35083576e-01]
 [-7.47274709e-01  1.62427326e-01]
 [-7.47274709e-01  2.07349201e-01]
 [-7.60946584e-01  5.08130451e-01]
 [-2.06259084e-01 -5.81713299e-01]
 [ 4.24773185e-01  8.31086190e-01]
 [-1.08429940e-01  3.17414315e-01]
 [-1.06476815e-01  3.70148690e-01]
 [-1.61164315e-01  4.30695565e-01]
 [-1.61164315e-01  7.84211190e-01]
 [-1.61164315e-01  1.10452369e+00]
 [-1.61164315e-01  5.45929940e-01]
 [-1.04523690e-01  4.81476815e-01]
 [-1.61164315e-01  3.56476815e-01]
 [-1.61164315e-01  5.14679940e-01]
 [-1.02570565e-01  5.75226815e-01]
 [-3.19367440e-01 -2.25554435e-01]
 [-1.61164315e-01 -7.12575605e-02]
 [-1.61164315e-01  1.45539315e-01]
 [-1.04523690e-01  1.00806452e-03]
 [-1.02570565e-01 -2.50945060e-01]
 [-7.62726815e-01 -6.73513105e-02]
 [-7.76398690e-01  2.51008065e-01]
 [-8.21320565e-01  2.11945565e-01]
 [-2.36922554e-02  3.08933424e-01]
 [ 2.90421196e-02  2.62058424e-01]
 [ 8.56827446e-02  2.89402174e-01]
 [ 1.44276495e-01  3.22605299e-01]
 [-2.36922554e-02  7.46433424e-01]
 [-2.36922554e-02  1.95652174e-01]
 [ 1.52088995e-01  2.28855299e-01]
 [ 3.68546196e-02  2.64011549e-01]
 [ 2.69276495e-01  5.23777174e-01]
 [ 8.17764946e-02  5.11209239e-02]
 [ 1.38417120e-01  8.23709239e-02]
 [ 1.44276495e-01  1.05808424e-01]
 [-2.36922554e-02  1.11667799e-01]
 [ 8.17764946e-02  1.58542799e-01]
 [ 8.56827446e-02  1.97605299e-01]
 [ 1.44276495e-01  2.54245924e-01]
 [-2.07204861e-01 -8.55034722e-01]
 [-3.30251736e-01  1.52387153e+00]
 [ 7.51779514e-01 -1.65190972e+00]
 [ 6.91232639e-01 -1.46245660e+00]
 [ 7.16623264e-01 -1.50737847e+00]
 [ 7.24435764e-01 -1.61284722e+00]
 [ 7.24435764e-01 -1.52886285e+00]
 [ 6.07248264e-01 -1.43315972e+00]
 [ 8.15225291e-01 -1.34929142e+00]
 [ 7.78115916e-01 -1.48796330e+00]
 [ 8.15225291e-01 -1.25944767e+00]
 [ 7.78115916e-01 -1.39226017e+00]
 [ 7.78115916e-01 -1.27507267e+00]
 [ 7.31240916e-01 -1.36686955e+00]
 [ 6.72647166e-01 -1.37468205e+00]
 [ 7.54678416e-01 -1.20671330e+00]
 [ 7.99773185e-01 -1.47750756e+00]
 [ 8.23210685e-01 -1.59078881e+00]
 [ 7.99773185e-01 -1.54196069e+00]
 [ 7.62663810e-01 -1.61813256e+00]
 [ 6.80632560e-01 -1.65328881e+00]
 [ 8.23210685e-01 -1.37008569e+00]]"
5,"[[-0.08228601  0.18512228]
 [-0.18522135  0.32900856]
 [-0.2906901   0.37197731]
 [-0.29459635  0.41885231]
 [-0.24186198  0.46572731]
 [-0.18522135  0.40127418]
 [-0.18522135  0.43643043]
 [-0.18522135  0.46572731]
 [-0.18522135  0.56143043]
 [-0.12467448  0.61025856]
 [-0.18522135  0.37978981]
 [-0.18522135  0.52432106]
 [ 0.02571615  0.36025856]
 [ 0.03157552  0.40713356]
 [ 0.0374349   0.45400856]
 [ 0.07845052  0.33291481]
 [ 0.08626302  0.37783668]
 [ 0.09407552  0.42861793]
 [-0.02701823  0.34658668]
 [ 0.08626302  0.38760231]
 [ 0.09407552  0.44814918]
 [-0.18522135  0.32705543]
 [-0.18522135  0.37393043]
 [-0.18522135  0.42080543]
 [-0.46451823  0.43838356]
 [-0.18522135  0.50869606]
 [-0.18522135  0.44814918]
 [-0.57584635  0.37197731]
 [-0.43317819  0.19668384]
 [-0.27888132  0.27676197]
 [-0.33356882  0.31387134]
 [-0.22224069  0.35684009]
 [-0.22224069  0.42715259]
 [-0.27888132  0.44863697]
 [-0.27888132  0.30605884]
 [-0.22224069  0.34512134]
 [-0.27888132  0.41738697]
 [-0.22028757  0.47988697]
 [-0.27888132  0.52285572]
 [-0.27888132  0.30801197]
 [-0.27888132  0.46816822]
 [-0.27888132  0.48965259]
 [ 0.02971243  0.22012134]
 [ 0.03752493  0.26504322]
 [ 0.04729056  0.31191822]
 [ 0.11174368  0.34512134]
 [-0.02302194  0.22598072]
 [-0.01520944  0.27480884]
 [-0.00739694  0.32168384]
 [-0.05622507  0.37051197]
 [-0.27888132  0.24355884]
 [-0.27888132  0.29238697]
 [-0.33356882  0.33535572]
 [-0.27888132  0.37051197]
 [-0.38239694  0.24551197]
 [-0.38435007  0.29238697]
 [-0.38825632  0.33926197]
 [-0.39020944  0.38613697]
 [-0.43708444  0.28848072]
 [-0.27888132  0.34316822]
 [-0.22224069  0.38418384]
 [-0.03059896  0.22214227]
 [ 0.02604167  0.23972039]
 [-0.18489583  0.40768914]
 [-0.18489583  0.44479852]
 [-0.12825521  0.33151727]
 [ 0.04361979  0.42331414]
 [-0.06770833  0.48386102]
 [-0.12434896  0.51120477]
 [-0.12630208  0.47995477]
 [-0.34309896  0.28268914]
 [-0.18489583  0.34714227]
 [-0.39583333  0.29636102]
 [-0.40169271  0.34714227]
 [ 0.43333899  0.18121603]
 [-0.78678385  0.43447731]
 [-0.10310007  0.37441822]
 [ 0.86946615 -1.31161644]
 [ 0.83626302 -1.31161644]
 [ 0.83626302 -1.31161644]
 [ 0.86165365 -1.31161644]
 [ 0.90071615 -1.31161644]
 [ 0.8108724  -1.31161644]
 [ 0.62150931 -1.39120678]
 [ 0.60002493 -1.39120678]
 [ 0.68205618 -1.39120678]
 [ 0.60002493 -1.39120678]
 [ 0.62150931 -1.39120678]
 [ 0.57682292 -1.37356086]]","[[ 1.85122283e-01 -5.34816576e-01]
 [ 3.29008557e-01 -2.58789062e-01]
 [ 3.71977307e-01 -2.60742188e-01]
 [ 4.18852307e-01 -2.58789062e-01]
 [ 4.65727307e-01 -1.66992188e-01]
 [ 4.01274182e-01  1.07421875e-02]
 [ 4.36430432e-01  8.69140625e-02]
 [ 4.65727307e-01  1.72851562e-01]
 [ 5.61430432e-01 -1.55273438e-01]
 [ 6.10258557e-01 -2.27539062e-01]
 [ 3.79789807e-01  2.97851562e-01]
 [ 5.24321057e-01  1.25976562e-01]
 [ 3.60258557e-01 -1.76757812e-01]
 [ 4.07133557e-01 -1.63085938e-01]
 [ 4.54008557e-01 -1.68945312e-01]
 [ 3.32914807e-01  2.05078125e-02]
 [ 3.77836682e-01  2.63671875e-02]
 [ 4.28617932e-01 -9.76562500e-04]
 [ 3.46586682e-01 -5.26367188e-01]
 [ 3.87602307e-01 -4.83398438e-01]
 [ 4.48149182e-01 -2.27539062e-01]
 [ 3.27055432e-01 -3.38867188e-01]
 [ 3.73930432e-01 -3.48632812e-01]
 [ 4.20805432e-01 -3.29101562e-01]
 [ 4.38383557e-01 -4.40429688e-01]
 [ 5.08696057e-01 -9.08203125e-02]
 [ 4.48149182e-01  3.87695312e-01]
 [ 3.71977307e-01  1.74804688e-01]
 [ 1.96683843e-01  3.33277926e-02]
 [ 2.76761968e-01 -9.94847074e-02]
 [ 3.13871343e-01 -3.50315824e-02]
 [ 3.56840093e-01 -9.64095745e-03]
 [ 4.27152593e-01 -1.73703457e-01]
 [ 4.48636968e-01  7.93716755e-03]
 [ 3.06058843e-01  9.89029255e-03]
 [ 3.45121343e-01  4.11402926e-02]
 [ 4.17386968e-01 -8.19065824e-02]
 [ 4.79886968e-01 -2.45969082e-01]
 [ 5.22855718e-01 -1.77609707e-01]
 [ 3.08011968e-01  1.81765293e-01]
 [ 4.68168218e-01 -1.13156582e-01]
 [ 4.89652593e-01  4.30934176e-02]
 [ 2.20121343e-01 -3.14328457e-01]
 [ 2.65043218e-01 -3.00656582e-01]
 [ 3.11918218e-01 -3.45578457e-01]
 [ 3.45121343e-01 -4.49094082e-01]
 [ 2.25980718e-01 -2.47922207e-01]
 [ 2.74808843e-01 -2.73312832e-01]
 [ 3.21683843e-01 -2.86984707e-01]
 [ 3.70511968e-01 -2.01047207e-01]
 [ 2.43558843e-01 -2.03000332e-01]
 [ 2.92386968e-01 -2.38156582e-01]
 [ 3.35355718e-01 -2.03000332e-01]
 [ 3.70511968e-01 -8.77659574e-02]
 [ 2.45511968e-01 -3.26047207e-01]
 [ 2.92386968e-01 -3.45578457e-01]
 [ 3.39261968e-01 -3.49484707e-01]
 [ 3.86136968e-01 -3.47531582e-01]
 [ 2.88480718e-01 -3.31906582e-01]
 [ 3.43168218e-01 -3.06515957e-01]
 [ 3.84183843e-01 -2.10812832e-01]
 [ 2.22142270e-01  2.65385143e-01]
 [ 2.39720395e-01  3.63041393e-01]
 [ 4.07689145e-01 -1.42817982e-01]
 [ 4.44798520e-01 -2.69771107e-01]
 [ 3.31517270e-01  4.29447643e-01]
 [ 4.23314145e-01  1.63822643e-01]
 [ 4.83861020e-01  1.50150768e-01]
 [ 5.11204770e-01  2.86869518e-01]
 [ 4.79954770e-01  1.93119518e-01]
 [ 2.82689145e-01 -3.69380482e-01]
 [ 3.47142270e-01 -2.95161732e-01]
 [ 2.96361020e-01  5.05413925e-02]
 [ 3.47142270e-01 -1.97711075e-02]
 [ 1.81216033e-01  6.05808424e-01]
 [ 4.34477307e-01 -7.91992188e-01]
 [ 3.74418218e-01 -9.58859707e-01]
 [-1.31161644e+00  1.49902344e+00]
 [-1.31161644e+00  1.50683594e+00]
 [-1.31161644e+00  1.63964844e+00]
 [-1.31161644e+00  1.66699219e+00]
 [-1.31161644e+00  1.40722656e+00]
 [-1.31161644e+00  1.59082031e+00]
 [-1.39120678e+00  1.50403092e+00]
 [-1.39120678e+00  1.34778092e+00]
 [-1.39120678e+00  1.46692154e+00]
 [-1.39120678e+00  1.40637467e+00]
 [-1.39120678e+00  1.50793717e+00]
 [-1.37356086e+00  1.76343202e+00]]","[[-8.22860054e-02 -5.34816576e-01]
 [-1.85221354e-01 -2.58789062e-01]
 [-2.90690104e-01 -2.60742188e-01]
 [-2.94596354e-01 -2.58789062e-01]
 [-2.41861979e-01 -1.66992188e-01]
 [-1.85221354e-01  1.07421875e-02]
 [-1.85221354e-01  8.69140625e-02]
 [-1.85221354e-01  1.72851562e-01]
 [-1.85221354e-01 -1.55273438e-01]
 [-1.24674479e-01 -2.27539062e-01]
 [-1.85221354e-01  2.97851562e-01]
 [-1.85221354e-01  1.25976562e-01]
 [ 2.57161458e-02 -1.76757812e-01]
 [ 3.15755208e-02 -1.63085938e-01]
 [ 3.74348958e-02 -1.68945312e-01]
 [ 7.84505208e-02  2.05078125e-02]
 [ 8.62630208e-02  2.63671875e-02]
 [ 9.40755208e-02 -9.76562500e-04]
 [-2.70182292e-02 -5.26367188e-01]
 [ 8.62630208e-02 -4.83398438e-01]
 [ 9.40755208e-02 -2.27539062e-01]
 [-1.85221354e-01 -3.38867188e-01]
 [-1.85221354e-01 -3.48632812e-01]
 [-1.85221354e-01 -3.29101562e-01]
 [-4.64518229e-01 -4.40429688e-01]
 [-1.85221354e-01 -9.08203125e-02]
 [-1.85221354e-01  3.87695312e-01]
 [-5.75846354e-01  1.74804688e-01]
 [-4.33178191e-01  3.33277926e-02]
 [-2.78881316e-01 -9.94847074e-02]
 [-3.33568816e-01 -3.50315824e-02]
 [-2.22240691e-01 -9.64095745e-03]
 [-2.22240691e-01 -1.73703457e-01]
 [-2.78881316e-01  7.93716755e-03]
 [-2.78881316e-01  9.89029255e-03]
 [-2.22240691e-01  4.11402926e-02]
 [-2.78881316e-01 -8.19065824e-02]
 [-2.20287566e-01 -2.45969082e-01]
 [-2.78881316e-01 -1.77609707e-01]
 [-2.78881316e-01  1.81765293e-01]
 [-2.78881316e-01 -1.13156582e-01]
 [-2.78881316e-01  4.30934176e-02]
 [ 2.97124335e-02 -3.14328457e-01]
 [ 3.75249335e-02 -3.00656582e-01]
 [ 4.72905585e-02 -3.45578457e-01]
 [ 1.11743684e-01 -4.49094082e-01]
 [-2.30219415e-02 -2.47922207e-01]
 [-1.52094415e-02 -2.73312832e-01]
 [-7.39694149e-03 -2.86984707e-01]
 [-5.62250665e-02 -2.01047207e-01]
 [-2.78881316e-01 -2.03000332e-01]
 [-2.78881316e-01 -2.38156582e-01]
 [-3.33568816e-01 -2.03000332e-01]
 [-2.78881316e-01 -8.77659574e-02]
 [-3.82396941e-01 -3.26047207e-01]
 [-3.84350066e-01 -3.45578457e-01]
 [-3.88256316e-01 -3.49484707e-01]
 [-3.90209441e-01 -3.47531582e-01]
 [-4.37084441e-01 -3.31906582e-01]
 [-2.78881316e-01 -3.06515957e-01]
 [-2.22240691e-01 -2.10812832e-01]
 [-3.05989583e-02  2.65385143e-01]
 [ 2.60416667e-02  3.63041393e-01]
 [-1.84895833e-01 -1.42817982e-01]
 [-1.84895833e-01 -2.69771107e-01]
 [-1.28255208e-01  4.29447643e-01]
 [ 4.36197917e-02  1.63822643e-01]
 [-6.77083333e-02  1.50150768e-01]
 [-1.24348958e-01  2.86869518e-01]
 [-1.26302083e-01  1.93119518e-01]
 [-3.43098958e-01 -3.69380482e-01]
 [-1.84895833e-01 -2.95161732e-01]
 [-3.95833333e-01  5.05413925e-02]
 [-4.01692708e-01 -1.97711075e-02]
 [ 4.33338995e-01  6.05808424e-01]
 [-7.86783854e-01 -7.91992188e-01]
 [-1.03100066e-01 -9.58859707e-01]
 [ 8.69466146e-01  1.49902344e+00]
 [ 8.36263021e-01  1.50683594e+00]
 [ 8.36263021e-01  1.63964844e+00]
 [ 8.61653646e-01  1.66699219e+00]
 [ 9.00716146e-01  1.40722656e+00]
 [ 8.10872396e-01  1.59082031e+00]
 [ 6.21509309e-01  1.50403092e+00]
 [ 6.00024934e-01  1.34778092e+00]
 [ 6.82056184e-01  1.46692154e+00]
 [ 6.00024934e-01  1.40637467e+00]
 [ 6.21509309e-01  1.50793717e+00]
 [ 5.76822917e-01  1.76343202e+00]]"
6,"[[-0.38997396  0.21042352]
 [-0.34309896  0.25534539]
 [-0.34700521  0.30612664]
 [-0.33528646  0.18698602]
 [-0.28841146  0.24753289]
 [-0.29036458  0.29050164]
 [-0.29427083  0.33542352]
 [-0.40755208  0.33737664]
 [-0.18489583  0.25729852]
 [-0.13216146  0.30612664]
 [-0.13020833  0.35300164]
 [-0.07942708  0.29831414]
 [-0.07552083  0.34714227]
 [ 0.04361979  0.43503289]
 [-0.01692708  0.39987664]
 [-0.01302083  0.44675164]
 [-0.06770833  0.49753289]
 [-0.12434896  0.53854852]
 [ 0.17447917  0.18307977]
 [ 0.18424479  0.23581414]
 [ 0.19401042  0.27097039]
 [ 0.11393229  0.16940789]
 [ 0.14908854  0.27487664]
 [-0.59505208  0.45456414]
 [-0.60481771  0.49948602]
 [-0.00911458  0.35690789]
 [-0.72591146  0.44479852]
 [-0.06683239  0.47901278]
 [-0.12151989  0.53370028]
 [-0.12737926  0.39112216]
 [-0.18206676  0.45948153]
 [-0.18011364  0.52784091]
 [-0.12347301  0.44971591]
 [-0.18011364  0.47705966]
 [-0.53753551  0.20752841]
 [-0.44378551  0.22315341]
 [ 0.13043324  0.30713778]
 [ 0.08746449  0.36573153]
 [ 0.01129261  0.21729403]
 [ 0.06988636  0.25049716]
 [ 0.07769886  0.29541903]
 [ 0.08746449  0.32666903]
 [-0.23870739  0.25440341]
 [-0.34222301  0.29932528]
 [-0.34417614  0.34229403]
 [-0.23870739  0.39698153]
 [-0.52386364  0.32276278]
 [-0.44378551  0.28955966]
 [-0.44964489  0.33643466]
 [-0.06292614  0.52979403]
 [-0.05901989  0.57666903]
 [-0.12347301  0.45752841]
 [-0.06292614  0.52588778]
 [-0.11761364  0.58057528]
 [ 0.11090199  0.21143466]
 [ 0.12066761  0.26026278]
 [-0.50237926  0.16455966]
 [-0.48870739  0.10205966]
 [-0.44378551  0.11768466]
 [-0.50237926  0.07862216]
 [-0.56487926  0.02393466]
 [ 0.13043324  0.23487216]
 [-0.04534801  0.61182528]
 [-0.37593006  0.0718936 ]
 [-0.05366443  0.34728423]
 [-0.10639881  0.39611235]
 [-0.04585193  0.43322173]
 [-0.16499256  0.32384673]
 [-0.10639881  0.37072173]
 [-0.16303943  0.44298735]
 [-0.27241443  0.1656436 ]
 [-0.22163318  0.21447173]
 [-0.36616443  0.1031436 ]
 [-0.71223958  0.18698602]
 [-0.42085193 -0.0531064 ]
 [ 0.65690104 -1.37356086]
 [ 0.75260417 -1.37356086]
 [ 0.71549479 -1.37356086]
 [ 0.79947917 -1.37356086]
 [ 0.71549479 -1.37356086]
 [ 0.66168324 -1.33739347]
 [ 0.66168324 -1.33739347]
 [ 0.71549479 -1.37356086]
 [ 0.69401042 -1.37356086]
 [ 0.64019886 -1.33739347]
 [ 0.64019886 -1.33739347]
 [ 0.67535511 -1.33739347]
 [ 1.43619792 -0.34817023]
 [ 1.34332386 -0.33153409]
 [ 1.38238636 -0.31200284]
 [ 1.34332386 -0.33348722]
 [ 1.44293324 -0.40770597]
 [ 1.31705729 -0.19387336]
 [ 1.41471354 -0.28371711]
 [-0.69856771 -0.27785773]
 [-0.63020833 -0.62746711]
 [-0.71223958 -0.46731086]
 [-0.78645833 -0.31106086]
 [-0.51019176 -0.59520597]
 [-0.76605114 -0.64598722]
 [-0.77972301 -0.44286222]
 [-0.84026989 -0.84325284]
 [-0.63178943 -0.9671689 ]
 [-0.86761364 -1.33739347]
 [-0.82464489 -1.14989347]]","[[ 0.21042352  0.29272889]
 [ 0.25534539  0.32983827]
 [ 0.30612664  0.32007264]
 [ 0.18698602  0.21069764]
 [ 0.24753289  0.14819764]
 [ 0.29050164  0.17554139]
 [ 0.33542352  0.19507264]
 [ 0.33737664  0.36304139]
 [ 0.25729852  0.09936952]
 [ 0.30612664  0.07202577]
 [ 0.35300164  0.07007264]
 [ 0.29831414  0.12866639]
 [ 0.34714227  0.10132264]
 [ 0.43503289 -0.20922423]
 [ 0.39987664 -0.08227111]
 [ 0.44675164 -0.13109923]
 [ 0.49753289 -0.09008361]
 [ 0.53854852  0.09741639]
 [ 0.18307977 -0.45531798]
 [ 0.23581414 -0.43578673]
 [ 0.27097039 -0.48070861]
 [ 0.16940789 -0.35375548]
 [ 0.27487664 -0.67016173]
 [ 0.45456414 -0.14672423]
 [ 0.49948602 -0.17602111]
 [ 0.35690789  0.62085389]
 [ 0.44479852 -0.39086486]
 [ 0.47901278  0.30703125]
 [ 0.53370028  0.15273438]
 [ 0.39112216  0.61171875]
 [ 0.45948153  0.52382812]
 [ 0.52784091  0.3734375 ]
 [ 0.44971591  0.56679687]
 [ 0.47705966  0.66445312]
 [ 0.20752841 -0.05625   ]
 [ 0.22315341 -0.26914063]
 [ 0.30713778  0.28359375]
 [ 0.36573153  0.20546875]
 [ 0.21729403  0.43984375]
 [ 0.25049716  0.47109375]
 [ 0.29541903  0.4828125 ]
 [ 0.32666903  0.56289062]
 [ 0.25440341  0.271875  ]
 [ 0.29932528  0.1234375 ]
 [ 0.34229403  0.06679688]
 [ 0.39698153  0.24453125]
 [ 0.32276278  0.9046875 ]
 [ 0.28955966  0.24257813]
 [ 0.33643466  0.25429687]
 [ 0.52979403  0.23476563]
 [ 0.57666903  0.15078125]
 [ 0.45752841  0.52773437]
 [ 0.52588778  0.32851562]
 [ 0.58057528  0.22890625]
 [ 0.21143466  0.33046875]
 [ 0.26026278  0.28945312]
 [ 0.16455966 -0.52890625]
 [ 0.10205966 -0.44296875]
 [ 0.11768466 -0.53671875]
 [ 0.07862216 -0.68320313]
 [ 0.02393466 -0.8296875 ]
 [ 0.23487216  0.6859375 ]
 [ 0.61182528 -0.44882813]
 [ 0.0718936   0.74460565]
 [ 0.34728423  0.14499628]
 [ 0.39611235  0.19187128]
 [ 0.43322173  0.25241815]
 [ 0.32384673  0.42234003]
 [ 0.37072173  0.40866815]
 [ 0.44298735  0.23679315]
 [ 0.1656436   0.0219494 ]
 [ 0.21447173  0.05905878]
 [ 0.1031436   0.2797619 ]
 [ 0.18698602 -0.97875548]
 [-0.0531064   0.87937128]
 [-1.37356086  1.66186952]
 [-1.37356086  1.68530702]
 [-1.37356086  1.65601014]
 [-1.37356086  1.73022889]
 [-1.37356086  1.80444764]
 [-1.33739347  2.00429688]
 [-1.33739347  2.084375  ]
 [-1.37356086 -1.91039611]
 [-1.37356086 -1.93969298]
 [-1.33739347 -1.64414062]
 [-1.33739347 -1.634375  ]
 [-1.33739347 -1.53867187]
 [-0.34817023 -0.20336486]
 [-0.33153409  0.22695313]
 [-0.31200284  0.07460938]
 [-0.33348722  0.26992187]
 [-0.40770597  0.20546875]
 [-0.19387336 -0.30297423]
 [-0.28371711 -0.44164611]
 [-0.27785773 -1.45336486]
 [-0.62746711 -1.63695861]
 [-0.46731086 -1.63695861]
 [-0.31106086 -1.56664611]
 [-0.59520597 -1.34921875]
 [-0.64598722 -1.46640625]
 [-0.44286222 -1.41757812]
 [-0.84325284 -1.56210937]
 [-0.9671689  -1.42922247]
 [-1.33739347 -1.62460937]
 [-1.14989347 -1.57578125]]","[[-0.38997396  0.29272889]
 [-0.34309896  0.32983827]
 [-0.34700521  0.32007264]
 [-0.33528646  0.21069764]
 [-0.28841146  0.14819764]
 [-0.29036458  0.17554139]
 [-0.29427083  0.19507264]
 [-0.40755208  0.36304139]
 [-0.18489583  0.09936952]
 [-0.13216146  0.07202577]
 [-0.13020833  0.07007264]
 [-0.07942708  0.12866639]
 [-0.07552083  0.10132264]
 [ 0.04361979 -0.20922423]
 [-0.01692708 -0.08227111]
 [-0.01302083 -0.13109923]
 [-0.06770833 -0.09008361]
 [-0.12434896  0.09741639]
 [ 0.17447917 -0.45531798]
 [ 0.18424479 -0.43578673]
 [ 0.19401042 -0.48070861]
 [ 0.11393229 -0.35375548]
 [ 0.14908854 -0.67016173]
 [-0.59505208 -0.14672423]
 [-0.60481771 -0.17602111]
 [-0.00911458  0.62085389]
 [-0.72591146 -0.39086486]
 [-0.06683239  0.30703125]
 [-0.12151989  0.15273438]
 [-0.12737926  0.61171875]
 [-0.18206676  0.52382812]
 [-0.18011364  0.3734375 ]
 [-0.12347301  0.56679687]
 [-0.18011364  0.66445312]
 [-0.53753551 -0.05625   ]
 [-0.44378551 -0.26914063]
 [ 0.13043324  0.28359375]
 [ 0.08746449  0.20546875]
 [ 0.01129261  0.43984375]
 [ 0.06988636  0.47109375]
 [ 0.07769886  0.4828125 ]
 [ 0.08746449  0.56289062]
 [-0.23870739  0.271875  ]
 [-0.34222301  0.1234375 ]
 [-0.34417614  0.06679688]
 [-0.23870739  0.24453125]
 [-0.52386364  0.9046875 ]
 [-0.44378551  0.24257813]
 [-0.44964489  0.25429687]
 [-0.06292614  0.23476563]
 [-0.05901989  0.15078125]
 [-0.12347301  0.52773437]
 [-0.06292614  0.32851562]
 [-0.11761364  0.22890625]
 [ 0.11090199  0.33046875]
 [ 0.12066761  0.28945312]
 [-0.50237926 -0.52890625]
 [-0.48870739 -0.44296875]
 [-0.44378551 -0.53671875]
 [-0.50237926 -0.68320313]
 [-0.56487926 -0.8296875 ]
 [ 0.13043324  0.6859375 ]
 [-0.04534801 -0.44882813]
 [-0.37593006  0.74460565]
 [-0.05366443  0.14499628]
 [-0.10639881  0.19187128]
 [-0.04585193  0.25241815]
 [-0.16499256  0.42234003]
 [-0.10639881  0.40866815]
 [-0.16303943  0.23679315]
 [-0.27241443  0.0219494 ]
 [-0.22163318  0.05905878]
 [-0.36616443  0.2797619 ]
 [-0.71223958 -0.97875548]
 [-0.42085193  0.87937128]
 [ 0.65690104  1.66186952]
 [ 0.75260417  1.68530702]
 [ 0.71549479  1.65601014]
 [ 0.79947917  1.73022889]
 [ 0.71549479  1.80444764]
 [ 0.66168324  2.00429688]
 [ 0.66168324  2.084375  ]
 [ 0.71549479 -1.91039611]
 [ 0.69401042 -1.93969298]
 [ 0.64019886 -1.64414062]
 [ 0.64019886 -1.634375  ]
 [ 0.67535511 -1.53867187]
 [ 1.43619792 -0.20336486]
 [ 1.34332386  0.22695313]
 [ 1.38238636  0.07460938]
 [ 1.34332386  0.26992187]
 [ 1.44293324  0.20546875]
 [ 1.31705729 -0.30297423]
 [ 1.41471354 -0.44164611]
 [-0.69856771 -1.45336486]
 [-0.63020833 -1.63695861]
 [-0.71223958 -1.63695861]
 [-0.78645833 -1.56664611]
 [-0.51019176 -1.34921875]
 [-0.76605114 -1.46640625]
 [-0.77972301 -1.41757812]
 [-0.84026989 -1.56210937]
 [-0.63178943 -1.42922247]
 [-0.86761364 -1.62460937]
 [-0.82464489 -1.57578125]]"
7,"[[-3.21242560e-01  1.46112351e-01]
 [-2.72414435e-01  1.94940476e-01]
 [-2.74367560e-01  2.41815476e-01]
 [-3.19289435e-01  8.94717262e-02]
 [-3.72023810e-01  1.44159226e-01]
 [-3.75930060e-01  1.94940476e-01]
 [-3.79836310e-01  2.35956101e-01]
 [-4.14992560e-01  9.72842262e-02]
 [-3.72023810e-01  1.53924851e-01]
 [-3.75930060e-01  2.02752976e-01]
 [-3.79836310e-01  2.53534226e-01]
 [-3.72023810e-01  1.46112351e-01]
 [-4.26711310e-01  1.89081101e-01]
 [-5.36644345e-02  3.27752976e-01]
 [-4.97581845e-02  3.92206101e-01]
 [-4.58519345e-02  4.41034226e-01]
 [-1.00539435e-01  4.91815476e-01]
 [ 1.02306548e-03  3.41424851e-01]
 [-4.97581845e-02  3.94159226e-01]
 [-1.04445685e-01  4.42987351e-01]
 [-1.00539435e-01  4.85956101e-01]
 [-6.15349265e-01  7.61297488e-01]
 [-4.98161765e-01  7.69109988e-01]
 [-6.77849265e-01  5.50359988e-01]
 [-7.26677390e-01  5.97234988e-01]
 [-7.26677390e-01  6.46063113e-01]
 [-6.77849265e-01  5.34734988e-01]
 [-6.75896140e-01  5.83563113e-01]
 [-7.26677390e-01  6.36297488e-01]
 [-7.26677390e-01  5.36688113e-01]
 [-9.25896140e-01  5.87469363e-01]
 [-7.26677390e-01  5.79656863e-01]
 [-7.26677390e-01  5.85516238e-01]
 [-6.75896140e-01  6.44109988e-01]
 [-7.26677390e-01  5.99188113e-01]
 [-7.26677390e-01  6.49969363e-01]
 [-5.58708640e-01  7.82781863e-01]
 [-4.98161765e-01  8.21844363e-01]
 [-4.92302390e-01  8.70672488e-01]
 [-2.73437500e-01  2.99393503e-01]
 [-3.20312500e-01  3.38456003e-01]
 [-3.14453125e-01  5.80643503e-01]
 [-3.71093750e-01  6.19706003e-01]
 [-1.60156250e-01  4.45877878e-01]
 [-3.71093750e-01  3.22831003e-01]
 [-3.71093750e-01  3.69706003e-01]
 [-3.71093750e-01  4.18534128e-01]
 [-3.20312500e-01  4.63456003e-01]
 [-3.24218750e-01  3.18924753e-01]
 [-3.22265625e-01  3.65799753e-01]
 [-3.20312500e-01  4.14627878e-01]
 [-3.20312500e-01  4.63456003e-01]
 [-2.77343750e-01  3.09159128e-01]
 [-2.73437500e-01  3.57987253e-01]
 [-2.71484375e-01  4.06815378e-01]
 [-2.67578125e-01  4.55643503e-01]
 [-2.77343750e-01  2.99393503e-01]
 [-2.26562500e-01  3.46268503e-01]
 [-2.20703125e-01  3.97049753e-01]
 [-2.67578125e-01  4.57596628e-01]
 [-1.77734375e-01  3.38456003e-01]
 [-1.71875000e-01  3.85331003e-01]
 [-5.15739890e-01  5.42547488e-01]
 [-3.47771140e-01  5.91375613e-01]
 [ 6.35788690e-01 -1.42615327e+00]
 [ 7.15866815e-01 -1.42615327e+00]
 [ 6.35788690e-01 -1.42615327e+00]
 [ 6.57273065e-01 -1.42615327e+00]
 [ 1.63947610e-01 -9.90655637e-01]
 [ 1.52228860e-01 -9.90655637e-01]
 [ 8.58226103e-02 -7.17218137e-01]
 [ 1.63947610e-01 -9.90655637e-01]
 [ 1.30744485e-01 -9.90655637e-01]
 [ 8.58226103e-02 -3.09015012e-01]
 [ 1.09260110e-01 -6.91827512e-01]
 [ 1.87385110e-01 -9.90655637e-01]
 [ 1.09260110e-01 -5.27765012e-01]
 [ 1.30744485e-01 -9.90655637e-01]
 [ 2.75275735e-01 -9.90655637e-01]
 [ 5.76171875e-01 -1.17521587e+00]
 [ 4.96093750e-01 -7.74825247e-01]
 [ 5.19531250e-01 -1.17521587e+00]
 [ 1.37741815e-01 -9.02157738e-02]
 [ 1.26469494e+00 -3.63653274e-01]
 [ 7.77228860e-01 -4.72962623e-02]
 [ 7.59650735e-01  7.37974877e-02]
 [ 8.31916360e-01 -1.29327512e-01]
 [ 8.16291360e-01 -1.21400123e-02]
 [ 8.55353860e-01  1.32506127e-02]
 [ 7.36213235e-01 -6.09681373e-02]
 [ 7.77228860e-01 -3.36243873e-02]
 [ 8.16291360e-01 -1.01868873e-02]
 [ 8.55353860e-01  1.52037377e-02]
 [ 6.83478860e-01  1.52037377e-02]
 [ 7.77228860e-01 -3.75306373e-02]
 [ 8.16291360e-01 -1.40931373e-02]
 [ 7.38166360e-01  1.75359988e-01]
 [ 7.20588235e-01  2.88756127e-02]
 [ 8.16291360e-01 -2.77650123e-02]
 [ 1.32133557e+00 -4.45684524e-01]
 [ 1.36039807e+00 -4.20293899e-01]
 [ 1.36039807e+00 -4.32012649e-01]
 [ 1.30744485e-01 -9.90655637e-01]
 [ 1.52228860e-01 -9.90655637e-01]
 [ 9.36351103e-02 -9.90655637e-01]
 [ 3.02619485e-01 -9.90655637e-01]
 [ 4.96093750e-01 -1.17521587e+00]
 [ 6.30859375e-01 -1.17521587e+00]
 [ 7.12890625e-01 -1.17521587e+00]]","[[ 1.46112351e-01  3.34449405e-01]
 [ 1.94940476e-01  3.46168155e-01]
 [ 2.41815476e-01  3.42261905e-01]
 [ 8.94717262e-02  3.83277530e-01]
 [ 1.44159226e-01  3.14918155e-01]
 [ 1.94940476e-01  2.91480655e-01]
 [ 2.35956101e-01  3.42261905e-01]
 [ 9.72842262e-02  2.85621280e-01]
 [ 1.53924851e-01  2.44605655e-01]
 [ 2.02752976e-01  2.25074405e-01]
 [ 2.53534226e-01  1.31324405e-01]
 [ 1.46112351e-01  3.05152530e-01]
 [ 1.89081101e-01  2.99293155e-01]
 [ 3.27752976e-01 -1.69456845e-01]
 [ 3.92206101e-01  4.65029762e-04]
 [ 4.41034226e-01  8.64025298e-02]
 [ 4.91815476e-01  1.25465030e-01]
 [ 3.41424851e-01  5.71056548e-02]
 [ 3.94159226e-01  1.23511905e-01]
 [ 4.42987351e-01  1.82105655e-01]
 [ 4.85956101e-01  2.46558780e-01]
 [ 7.61297488e-01  4.85600490e-01]
 [ 7.69109988e-01  6.20366115e-01]
 [ 5.50359988e-01  3.21537990e-01]
 [ 5.97234988e-01  3.25444240e-01]
 [ 6.46063113e-01  2.96147365e-01]
 [ 5.34734988e-01  4.38725490e-01]
 [ 5.83563113e-01  4.25053615e-01]
 [ 6.36297488e-01  3.91850490e-01]
 [ 5.36688113e-01  4.30912990e-01]
 [ 5.87469363e-01  2.74662990e-01]
 [ 5.79656863e-01  6.57475490e-01]
 [ 5.85516238e-01  4.17241115e-01]
 [ 6.44109988e-01  3.19584865e-01]
 [ 5.99188113e-01  3.07866115e-01]
 [ 6.49969363e-01  1.82866115e-01]
 [ 7.82781863e-01  2.33647365e-01]
 [ 8.21844363e-01  2.68803615e-01]
 [ 8.70672488e-01  1.82866115e-01]
 [ 2.99393503e-01  5.33203125e-01]
 [ 3.38456003e-01  5.72265625e-01]
 [ 5.80643503e-01  3.67187500e-01]
 [ 6.19706003e-01  4.25781250e-01]
 [ 4.45877878e-01 -3.47656250e-01]
 [ 3.22831003e-01  1.50390625e-01]
 [ 3.69706003e-01  1.38671875e-01]
 [ 4.18534128e-01  1.17187500e-01]
 [ 4.63456003e-01  1.17187500e-01]
 [ 3.18924753e-01  2.07031250e-01]
 [ 3.65799753e-01  1.97265625e-01]
 [ 4.14627878e-01  1.75781250e-01]
 [ 4.63456003e-01  1.32812500e-01]
 [ 3.09159128e-01  2.73437500e-01]
 [ 3.57987253e-01  2.63671875e-01]
 [ 4.06815378e-01  2.36328125e-01]
 [ 4.55643503e-01  2.16796875e-01]
 [ 2.99393503e-01  3.30078125e-01]
 [ 3.46268503e-01  3.16406250e-01]
 [ 3.97049753e-01  2.87109375e-01]
 [ 4.57596628e-01  1.91406250e-01]
 [ 3.38456003e-01  3.30078125e-01]
 [ 3.85331003e-01  3.32031250e-01]
 [ 5.42547488e-01 -4.89008885e-01]
 [ 5.91375613e-01 -4.20649510e-01]
 [-1.42615327e+00 -1.67922247e+00]
 [-1.42615327e+00 -1.69875372e+00]
 [-1.42615327e+00 -1.57961310e+00]
 [-1.42615327e+00 -1.58742560e+00]
 [-9.90655637e-01 -1.51049326e+00]
 [-9.90655637e-01 -1.69213388e+00]
 [-7.17218137e-01 -1.32494638e+00]
 [-9.90655637e-01 -1.44213388e+00]
 [-9.90655637e-01 -1.56518076e+00]
 [-3.09015012e-01 -1.19018076e+00]
 [-6.91827512e-01 -1.36205576e+00]
 [-9.90655637e-01 -1.41869638e+00]
 [-5.27765012e-01 -1.32104013e+00]
 [-9.90655637e-01 -1.47729013e+00]
 [-9.90655637e-01 -1.36205576e+00]
 [-1.17521587e+00 -1.63671875e+00]
 [-7.74825247e-01 -1.37304688e+00]
 [-1.17521587e+00 -1.53320312e+00]
 [-9.02157738e-02 -7.90550595e-01]
 [-3.63653274e-01  1.74293155e-01]
 [-4.72962623e-02  3.35209865e-01]
 [ 7.37974877e-02  1.41850490e-01]
 [-1.29327512e-01  1.59428615e-01]
 [-1.21400123e-02  1.06694240e-01]
 [ 1.32506127e-02  9.88817402e-02]
 [-6.09681373e-02  2.19975490e-01]
 [-3.36243873e-02  1.73100490e-01]
 [-1.01868873e-02  1.82866115e-01]
 [ 1.52037377e-02  1.61381740e-01]
 [ 1.52037377e-02  2.78569240e-01]
 [-3.75306373e-02  2.62944240e-01]
 [-1.40931373e-02  2.70756740e-01]
 [ 1.75359988e-01  8.32567402e-02]
 [ 2.88756127e-02  3.84037990e-01]
 [-2.77650123e-02  3.70366115e-01]
 [-4.45684524e-01  1.31324405e-01]
 [-4.20293899e-01  6.68712798e-02]
 [-4.32012649e-01  2.52418155e-01]
 [-9.90655637e-01  1.99731924e+00]
 [-9.90655637e-01  2.05200674e+00]
 [-9.90655637e-01  1.99536612e+00]
 [-9.90655637e-01  1.82739737e+00]
 [-1.17521587e+00  1.80859375e+00]
 [-1.17521587e+00  1.70117188e+00]
 [-1.17521587e+00  1.77734375e+00]]","[[-3.21242560e-01  3.34449405e-01]
 [-2.72414435e-01  3.46168155e-01]
 [-2.74367560e-01  3.42261905e-01]
 [-3.19289435e-01  3.83277530e-01]
 [-3.72023810e-01  3.14918155e-01]
 [-3.75930060e-01  2.91480655e-01]
 [-3.79836310e-01  3.42261905e-01]
 [-4.14992560e-01  2.85621280e-01]
 [-3.72023810e-01  2.44605655e-01]
 [-3.75930060e-01  2.25074405e-01]
 [-3.79836310e-01  1.31324405e-01]
 [-3.72023810e-01  3.05152530e-01]
 [-4.26711310e-01  2.99293155e-01]
 [-5.36644345e-02 -1.69456845e-01]
 [-4.97581845e-02  4.65029762e-04]
 [-4.58519345e-02  8.64025298e-02]
 [-1.00539435e-01  1.25465030e-01]
 [ 1.02306548e-03  5.71056548e-02]
 [-4.97581845e-02  1.23511905e-01]
 [-1.04445685e-01  1.82105655e-01]
 [-1.00539435e-01  2.46558780e-01]
 [-6.15349265e-01  4.85600490e-01]
 [-4.98161765e-01  6.20366115e-01]
 [-6.77849265e-01  3.21537990e-01]
 [-7.26677390e-01  3.25444240e-01]
 [-7.26677390e-01  2.96147365e-01]
 [-6.77849265e-01  4.38725490e-01]
 [-6.75896140e-01  4.25053615e-01]
 [-7.26677390e-01  3.91850490e-01]
 [-7.26677390e-01  4.30912990e-01]
 [-9.25896140e-01  2.74662990e-01]
 [-7.26677390e-01  6.57475490e-01]
 [-7.26677390e-01  4.17241115e-01]
 [-6.75896140e-01  3.19584865e-01]
 [-7.26677390e-01  3.07866115e-01]
 [-7.26677390e-01  1.82866115e-01]
 [-5.58708640e-01  2.33647365e-01]
 [-4.98161765e-01  2.68803615e-01]
 [-4.92302390e-01  1.82866115e-01]
 [-2.73437500e-01  5.33203125e-01]
 [-3.20312500e-01  5.72265625e-01]
 [-3.14453125e-01  3.67187500e-01]
 [-3.71093750e-01  4.25781250e-01]
 [-1.60156250e-01 -3.47656250e-01]
 [-3.71093750e-01  1.50390625e-01]
 [-3.71093750e-01  1.38671875e-01]
 [-3.71093750e-01  1.17187500e-01]
 [-3.20312500e-01  1.17187500e-01]
 [-3.24218750e-01  2.07031250e-01]
 [-3.22265625e-01  1.97265625e-01]
 [-3.20312500e-01  1.75781250e-01]
 [-3.20312500e-01  1.32812500e-01]
 [-2.77343750e-01  2.73437500e-01]
 [-2.73437500e-01  2.63671875e-01]
 [-2.71484375e-01  2.36328125e-01]
 [-2.67578125e-01  2.16796875e-01]
 [-2.77343750e-01  3.30078125e-01]
 [-2.26562500e-01  3.16406250e-01]
 [-2.20703125e-01  2.87109375e-01]
 [-2.67578125e-01  1.91406250e-01]
 [-1.77734375e-01  3.30078125e-01]
 [-1.71875000e-01  3.32031250e-01]
 [-5.15739890e-01 -4.89008885e-01]
 [-3.47771140e-01 -4.20649510e-01]
 [ 6.35788690e-01 -1.67922247e+00]
 [ 7.15866815e-01 -1.69875372e+00]
 [ 6.35788690e-01 -1.57961310e+00]
 [ 6.57273065e-01 -1.58742560e+00]
 [ 1.63947610e-01 -1.51049326e+00]
 [ 1.52228860e-01 -1.69213388e+00]
 [ 8.58226103e-02 -1.32494638e+00]
 [ 1.63947610e-01 -1.44213388e+00]
 [ 1.30744485e-01 -1.56518076e+00]
 [ 8.58226103e-02 -1.19018076e+00]
 [ 1.09260110e-01 -1.36205576e+00]
 [ 1.87385110e-01 -1.41869638e+00]
 [ 1.09260110e-01 -1.32104013e+00]
 [ 1.30744485e-01 -1.47729013e+00]
 [ 2.75275735e-01 -1.36205576e+00]
 [ 5.76171875e-01 -1.63671875e+00]
 [ 4.96093750e-01 -1.37304688e+00]
 [ 5.19531250e-01 -1.53320312e+00]
 [ 1.37741815e-01 -7.90550595e-01]
 [ 1.26469494e+00  1.74293155e-01]
 [ 7.77228860e-01  3.35209865e-01]
 [ 7.59650735e-01  1.41850490e-01]
 [ 8.31916360e-01  1.59428615e-01]
 [ 8.16291360e-01  1.06694240e-01]
 [ 8.55353860e-01  9.88817402e-02]
 [ 7.36213235e-01  2.19975490e-01]
 [ 7.77228860e-01  1.73100490e-01]
 [ 8.16291360e-01  1.82866115e-01]
 [ 8.55353860e-01  1.61381740e-01]
 [ 6.83478860e-01  2.78569240e-01]
 [ 7.77228860e-01  2.62944240e-01]
 [ 8.16291360e-01  2.70756740e-01]
 [ 7.38166360e-01  8.32567402e-02]
 [ 7.20588235e-01  3.84037990e-01]
 [ 8.16291360e-01  3.70366115e-01]
 [ 1.32133557e+00  1.31324405e-01]
 [ 1.36039807e+00  6.68712798e-02]
 [ 1.36039807e+00  2.52418155e-01]
 [ 1.30744485e-01  1.99731924e+00]
 [ 1.52228860e-01  2.05200674e+00]
 [ 9.36351103e-02  1.99536612e+00]
 [ 3.02619485e-01  1.82739737e+00]
 [ 4.96093750e-01  1.80859375e+00]
 [ 6.30859375e-01  1.70117188e+00]
 [ 7.12890625e-01  1.77734375e+00]]"
8,"[[ 6.30859375e-01 -1.17521587e+00]
 [ 7.67578125e-01 -1.17521587e+00]
 [ 7.73600260e-01 -1.16902669e+00]
 [ 8.00944010e-01 -1.16902669e+00]
 [ 7.73600260e-01 -1.16902669e+00]
 [ 8.00944010e-01 -1.16902669e+00]
 [-3.71093750e-01  5.59159128e-01]
 [-2.59765625e-01  6.02127878e-01]
 [-1.95312500e-03  2.42752878e-01]
 [-9.96907552e-02 -9.92024740e-02]
 [-9.96907552e-02 -4.45149740e-02]
 [-9.96907552e-02  2.38444010e-02]
 [-4.50032552e-02  1.95719401e-01]
 [ 1.16373698e-02  2.44547526e-01]
 [-9.96907552e-02 -3.47493490e-02]
 [-9.96907552e-02 -5.03743490e-02]
 [-1.48518880e-01 -1.52180990e-02]
 [-9.96907552e-02  3.94694010e-02]
 [-5.28157552e-02 -3.47493490e-02]
 [-2.03450521e-03  1.21256510e-02]
 [-8.13802083e-05  5.70475260e-02]
 [-9.96907552e-02 -3.86555990e-02]
 [-5.08626302e-02  8.21940104e-03]
 [-4.89095052e-02  5.50944010e-02]
 [-4.89095052e-02  1.07828776e-01]
 [ 1.16373698e-02  2.38688151e-01]
 [ 1.55436198e-02  2.77750651e-01]
 [-9.96907552e-02  4.31315104e-03]
 [ 6.24186198e-02  1.93766276e-01]
 [ 1.16373698e-02  2.42594401e-01]
 [ 1.55436198e-02  2.81656901e-01]
 [-1.75618490e-01  2.64567057e-01]
 [-1.75618490e-01  3.17301432e-01]
 [-1.75618490e-01  3.66129557e-01]
 [-1.75618490e-01  4.16910807e-01]
 [-1.75618490e-01  2.99723307e-01]
 [-1.75618490e-01  3.52457682e-01]
 [-1.75618490e-01  3.29020182e-01]
 [-1.75618490e-01  3.75895182e-01]
 [-1.75618490e-01  4.18863932e-01]
 [-1.75618490e-01  2.82145182e-01]
 [-1.28743490e-01  3.29020182e-01]
 [-1.75618490e-01  3.77848307e-01]
 [-1.75618490e-01  4.24723307e-01]
 [-1.30696615e-01  2.72379557e-01]
 [-1.75618490e-01  3.27067057e-01]
 [-1.75618490e-01  3.75895182e-01]
 [-1.75618490e-01  4.22770182e-01]
 [-1.75618490e-01  4.69645182e-01]
 [ 0.00000000e+00  1.56250000e-02]
 [ 0.00000000e+00 -3.12500000e-02]
 [ 0.00000000e+00  1.56250000e-02]
 [-2.44140625e-02 -2.34375000e-02]
 [ 2.44140625e-02  2.34375000e-02]
 [-3.34821429e-03 -1.05189732e-01]
 [-5.02232143e-02 -7.19866071e-02]
 [ 4.74330357e-02 -6.22209821e-02]
 [ 6.11049107e-02  1.76060268e-01]
 [-5.02232143e-02  2.20982143e-01]
 [-3.34821429e-03 -1.01283482e-01]
 [-1.39508929e-03 -5.63616071e-02]
 [-8.61545139e-02  1.03298611e-01]
 [-8.42013889e-02  1.59939236e-01]
 [-1.31076389e-01  2.06814236e-01]
 [-8.42013889e-02  1.61892361e-01]
 [-1.31076389e-01  2.08767361e-01]
 [-8.61545139e-02  1.18923611e-01]
 [-8.42013889e-02  1.63845486e-01]
 [-1.31076389e-01  2.10720486e-01]
 [ 8.25639205e-03 -5.41548295e-02]
 [ 5.51313920e-02 -7.27982955e-03]
 [ 1.05912642e-01  3.56889205e-02]
 [ 8.25639205e-03  8.84232955e-02]
 [ 8.25639205e-03  2.75923295e-01]
 [ 8.25639205e-03  3.09126420e-01]
 [ 8.25639205e-03  2.79829545e-01]
 [ 8.25639205e-03  3.26704545e-01]
 [ 8.25639205e-03  3.73579545e-01]
 [ 8.25639205e-03  2.79829545e-01]
 [ 8.25639205e-03  3.20845170e-01]
 [ 5.51313920e-02 -9.23295455e-03]
 [ 5.31782670e-02 -4.82954545e-02]
 [ 1.02006392e-01 -5.32670455e-03]
 [ 1.05912642e-01  4.15482955e-02]
 [ 1.07865767e-01  8.64701705e-02]
 [ 5.31782670e-02 -4.82954545e-02]
 [ 1.02006392e-01 -3.37357955e-03]
 [ 1.05912642e-01  4.15482955e-02]
 [ 5.90376420e-02  9.23295455e-02]
 [-3.75000000e-02  8.98437500e-03]
 [ 2.38064236e-01 -4.59635417e-01]
 [ 3.18142361e-01 -4.59635417e-01]
 [ 3.43532986e-01 -4.59635417e-01]
 [ 2.90798611e-01 -4.59635417e-01]
 [ 3.18142361e-01 -4.59635417e-01]]","[[-1.17521587e+00 -1.58789062e+00]
 [-1.17521587e+00 -1.62109375e+00]
 [-1.16902669e+00 -1.46972656e+00]
 [-1.16902669e+00 -1.57910156e+00]
 [-1.16902669e+00 -1.45410156e+00]
 [-1.16902669e+00 -1.56542969e+00]
 [ 5.59159128e-01  1.36718750e-01]
 [ 6.02127878e-01  1.75781250e-02]
 [ 2.42752878e-01 -7.61718750e-01]
 [-9.92024740e-02  2.26969401e-01]
 [-4.45149740e-02  2.09391276e-01]
 [ 2.38444010e-02  1.33219401e-01]
 [ 1.95719401e-01 -7.38118490e-02]
 [ 2.44547526e-01 -2.43733724e-01]
 [-3.47493490e-02  1.74235026e-01]
 [-5.03743490e-02  2.38444010e-02]
 [-1.52180990e-02  8.04850260e-02]
 [ 3.94694010e-02  5.31412760e-02]
 [-3.47493490e-02 -1.71468099e-01]
 [ 1.21256510e-02 -1.98811849e-01]
 [ 5.70475260e-02 -2.22249349e-01]
 [-3.86555990e-02 -8.35774740e-02]
 [ 8.21940104e-03 -8.16243490e-02]
 [ 5.50944010e-02 -9.33430990e-02]
 [ 1.07828776e-01 -1.96858724e-01]
 [ 2.38688151e-01 -3.70686849e-01]
 [ 2.77750651e-01 -4.33186849e-01]
 [ 4.31315104e-03 -3.08430990e-02]
 [ 1.93766276e-01 -1.51936849e-01]
 [ 2.42594401e-01 -2.92561849e-01]
 [ 2.81656901e-01 -4.07796224e-01]
 [ 2.64567057e-01  2.88085938e-01]
 [ 3.17301432e-01  2.52929688e-01]
 [ 3.66129557e-01  2.41210938e-01]
 [ 4.16910807e-01  2.08007812e-01]
 [ 2.99723307e-01  3.58398438e-01]
 [ 3.52457682e-01  3.27148438e-01]
 [ 3.29020182e-01 -4.19921875e-02]
 [ 3.75895182e-01 -2.44140625e-02]
 [ 4.18863932e-01 -8.88671875e-02]
 [ 2.82145182e-01  1.22070312e-01]
 [ 3.29020182e-01  9.66796875e-02]
 [ 3.77848307e-01  5.17578125e-02]
 [ 4.24723307e-01  3.80859375e-02]
 [ 2.72379557e-01  2.31445312e-01]
 [ 3.27067057e-01  1.68945312e-01]
 [ 3.75895182e-01  1.45507812e-01]
 [ 4.22770182e-01  1.20117188e-01]
 [ 4.69645182e-01  1.16210938e-01]
 [ 1.56250000e-02  6.64062500e-02]
 [-3.12500000e-02 -2.73437500e-02]
 [ 1.56250000e-02 -3.90625000e-02]
 [-2.34375000e-02  1.17187500e-02]
 [ 2.34375000e-02 -1.17187500e-02]
 [-1.05189732e-01  4.71540179e-02]
 [-7.19866071e-02  1.81919643e-01]
 [-6.22209821e-02  6.86383929e-02]
 [ 1.76060268e-01 -3.29241071e-02]
 [ 2.20982143e-01 -1.89174107e-01]
 [-1.01283482e-01 -7.00334821e-02]
 [-5.63616071e-02 -5.58035714e-03]
 [ 1.03298611e-01 -1.41059028e-02]
 [ 1.59939236e-01 -9.61371528e-02]
 [ 2.06814236e-01 -9.41840278e-02]
 [ 1.61892361e-01 -3.16840278e-01]
 [ 2.08767361e-01 -3.50043403e-01]
 [ 1.18923611e-01 -2.01605903e-01]
 [ 1.63845486e-01 -1.72309028e-01]
 [ 2.10720486e-01 -1.62543403e-01]
 [-5.41548295e-02  1.23668324e-01]
 [-7.27982955e-03  1.09996449e-01]
 [ 3.56889205e-02  1.31480824e-01]
 [ 8.84232955e-02  1.17808949e-01]
 [ 2.75923295e-01 -1.30237926e-01]
 [ 3.09126420e-01 -2.59144176e-01]
 [ 2.79829545e-01 -3.45348011e-02]
 [ 3.26704545e-01 -7.19105114e-03]
 [ 3.73579545e-01 -2.08629261e-02]
 [ 2.79829545e-01  5.72620739e-02]
 [ 3.20845170e-01  1.33433949e-01]
 [-9.23295455e-03 -1.61487926e-01]
 [-4.82954545e-02 -3.84410511e-02]
 [-5.32670455e-03 -4.82066761e-02]
 [ 4.15482955e-02 -3.64879261e-02]
 [ 8.64701705e-02 -1.06800426e-01]
 [-4.82954545e-02 -1.10973011e-02]
 [-3.37357955e-03  1.42933239e-02]
 [ 4.15482955e-02  3.18714489e-02]
 [ 9.23295455e-02 -1.33167614e-03]
 [ 8.98437500e-03  9.04296875e-02]
 [-4.59635417e-01 -7.25043403e-01]
 [-4.59635417e-01 -7.69965278e-01]
 [-4.59635417e-01 -7.71918403e-01]
 [-4.59635417e-01 -6.89887153e-01]
 [-4.59635417e-01 -8.65668403e-01]]","[[ 6.30859375e-01 -1.58789062e+00]
 [ 7.67578125e-01 -1.62109375e+00]
 [ 7.73600260e-01 -1.46972656e+00]
 [ 8.00944010e-01 -1.57910156e+00]
 [ 7.73600260e-01 -1.45410156e+00]
 [ 8.00944010e-01 -1.56542969e+00]
 [-3.71093750e-01  1.36718750e-01]
 [-2.59765625e-01  1.75781250e-02]
 [-1.95312500e-03 -7.61718750e-01]
 [-9.96907552e-02  2.26969401e-01]
 [-9.96907552e-02  2.09391276e-01]
 [-9.96907552e-02  1.33219401e-01]
 [-4.50032552e-02 -7.38118490e-02]
 [ 1.16373698e-02 -2.43733724e-01]
 [-9.96907552e-02  1.74235026e-01]
 [-9.96907552e-02  2.38444010e-02]
 [-1.48518880e-01  8.04850260e-02]
 [-9.96907552e-02  5.31412760e-02]
 [-5.28157552e-02 -1.71468099e-01]
 [-2.03450521e-03 -1.98811849e-01]
 [-8.13802083e-05 -2.22249349e-01]
 [-9.96907552e-02 -8.35774740e-02]
 [-5.08626302e-02 -8.16243490e-02]
 [-4.89095052e-02 -9.33430990e-02]
 [-4.89095052e-02 -1.96858724e-01]
 [ 1.16373698e-02 -3.70686849e-01]
 [ 1.55436198e-02 -4.33186849e-01]
 [-9.96907552e-02 -3.08430990e-02]
 [ 6.24186198e-02 -1.51936849e-01]
 [ 1.16373698e-02 -2.92561849e-01]
 [ 1.55436198e-02 -4.07796224e-01]
 [-1.75618490e-01  2.88085938e-01]
 [-1.75618490e-01  2.52929688e-01]
 [-1.75618490e-01  2.41210938e-01]
 [-1.75618490e-01  2.08007812e-01]
 [-1.75618490e-01  3.58398438e-01]
 [-1.75618490e-01  3.27148438e-01]
 [-1.75618490e-01 -4.19921875e-02]
 [-1.75618490e-01 -2.44140625e-02]
 [-1.75618490e-01 -8.88671875e-02]
 [-1.75618490e-01  1.22070312e-01]
 [-1.28743490e-01  9.66796875e-02]
 [-1.75618490e-01  5.17578125e-02]
 [-1.75618490e-01  3.80859375e-02]
 [-1.30696615e-01  2.31445312e-01]
 [-1.75618490e-01  1.68945312e-01]
 [-1.75618490e-01  1.45507812e-01]
 [-1.75618490e-01  1.20117188e-01]
 [-1.75618490e-01  1.16210938e-01]
 [ 0.00000000e+00  6.64062500e-02]
 [ 0.00000000e+00 -2.73437500e-02]
 [ 0.00000000e+00 -3.90625000e-02]
 [-2.44140625e-02  1.17187500e-02]
 [ 2.44140625e-02 -1.17187500e-02]
 [-3.34821429e-03  4.71540179e-02]
 [-5.02232143e-02  1.81919643e-01]
 [ 4.74330357e-02  6.86383929e-02]
 [ 6.11049107e-02 -3.29241071e-02]
 [-5.02232143e-02 -1.89174107e-01]
 [-3.34821429e-03 -7.00334821e-02]
 [-1.39508929e-03 -5.58035714e-03]
 [-8.61545139e-02 -1.41059028e-02]
 [-8.42013889e-02 -9.61371528e-02]
 [-1.31076389e-01 -9.41840278e-02]
 [-8.42013889e-02 -3.16840278e-01]
 [-1.31076389e-01 -3.50043403e-01]
 [-8.61545139e-02 -2.01605903e-01]
 [-8.42013889e-02 -1.72309028e-01]
 [-1.31076389e-01 -1.62543403e-01]
 [ 8.25639205e-03  1.23668324e-01]
 [ 5.51313920e-02  1.09996449e-01]
 [ 1.05912642e-01  1.31480824e-01]
 [ 8.25639205e-03  1.17808949e-01]
 [ 8.25639205e-03 -1.30237926e-01]
 [ 8.25639205e-03 -2.59144176e-01]
 [ 8.25639205e-03 -3.45348011e-02]
 [ 8.25639205e-03 -7.19105114e-03]
 [ 8.25639205e-03 -2.08629261e-02]
 [ 8.25639205e-03  5.72620739e-02]
 [ 8.25639205e-03  1.33433949e-01]
 [ 5.51313920e-02 -1.61487926e-01]
 [ 5.31782670e-02 -3.84410511e-02]
 [ 1.02006392e-01 -4.82066761e-02]
 [ 1.05912642e-01 -3.64879261e-02]
 [ 1.07865767e-01 -1.06800426e-01]
 [ 5.31782670e-02 -1.10973011e-02]
 [ 1.02006392e-01  1.42933239e-02]
 [ 1.05912642e-01  3.18714489e-02]
 [ 5.90376420e-02 -1.33167614e-03]
 [-3.75000000e-02  9.04296875e-02]
 [ 2.38064236e-01 -7.25043403e-01]
 [ 3.18142361e-01 -7.69965278e-01]
 [ 3.43532986e-01 -7.71918403e-01]
 [ 2.90798611e-01 -6.89887153e-01]
 [ 3.18142361e-01 -8.65668403e-01]]"
9,"[[-0.03945313 -0.06132812]
 [ 0.009375   -0.01445312]
 [-0.03554688  0.0421875 ]
 [ 0.00742187 -0.04375   ]
 [ 0.05625    -0.00078125]
 [ 0.01328125  0.05      ]
 [ 0.05234375 -0.04375   ]
 [ 0.009375    0.00703125]
 [-0.03554688  0.05585938]
 [ 0.12234933  0.13016183]
 [ 0.12430246  0.17703683]
 [ 0.13406808  0.47195871]
 [ 0.36063058  0.43680246]
 [ 0.19266183  0.48172433]
 [ 0.12234933  0.11844308]
 [ 0.07547433  0.07547433]
 [ 0.16922433  0.12625558]
 [ 0.12430246  0.17508371]
 [ 0.19070871  0.45438058]
 [ 0.07954545 -0.07705966]
 [ 0.0287642  -0.04580966]
 [ 0.03267045  0.00692472]
 [ 0.03462358  0.05379972]
 [-0.08256392 -0.06924716]
 [-0.0259233  -0.02432528]
 [-0.0259233   0.02059659]
 [ 0.03462358  0.06356534]
 [-0.0259233  -0.02237216]
 [-0.0259233   0.02450284]
 [-0.02397017  0.06942472]
 [-0.02957589 -0.23186384]
 [-0.01199777  0.04938616]
 [-0.00809152  0.10212054]
 [ 0.05245536  0.14704241]
 [ 0.01729911 -0.22600446]
 [-0.01199777  0.05329241]
 [-0.00809152  0.10602679]
 [ 0.12304688  0.46028646]
 [ 0.09960938  0.06966146]
 [ 0.09960938  0.08919271]
 [ 0.15039062  0.12044271]
 [ 0.00585938  0.43294271]
 [-0.01888021 -0.04296875]
 [-0.01888021  0.        ]
 [-0.01888021  0.03710938]
 [ 0.03776042 -0.04882812]
 [ 0.03776042  0.00195312]
 [-0.01888021  0.05273438]
 [-0.00805664 -0.04394531]
 [ 0.05053711 -0.00292969]
 [-0.00610352  0.05566406]
 [-0.00805664  0.01269531]
 [-0.06469727 -0.07519531]
 [-0.00805664 -0.02832031]
 [ 0.05053711  0.01660156]
 [-0.00610352  0.06542969]
 [-0.07792969 -0.03125   ]
 [-0.01738281  0.00976562]
 [-0.01347656  0.05859375]
 [-0.07792969 -0.03125   ]
 [ 0.04121094 -0.01367188]
 [ 0.03730469 -0.0390625 ]
 [ 0.04121094  0.0078125 ]
 [-0.01933594 -0.03125   ]
 [ 0.04121094  0.01171875]
 [ 0.04511719  0.05859375]
 [ 0.14892578  0.09130859]
 [ 0.03369141 -0.01806641]
 [ 0.09033203  0.07177734]
 [ 0.03369141  0.14404297]
 [ 0.09033203  0.03662109]
 [ 0.09033203  0.09912109]
 [ 0.09228516  0.15576172]
 [ 0.00065104  0.00651042]
 [-0.00130208 -0.02669271]
 [ 0.00065104  0.02018229]
 [ 0.02832031 -0.0546875 ]
 [-0.02832031  0.0546875 ]
 [ 0.01367188 -0.09912109]
 [-0.04296875  0.04931641]
 [ 0.01367188 -0.02685547]
 [ 0.015625    0.07666016]
 [ 0.01367188 -0.09912109]
 [-0.04296875  0.04931641]
 [ 0.01367188 -0.02685547]
 [ 0.015625    0.07666016]
 [ 0.          0.        ]
 [-0.02929688 -0.02050781]
 [ 0.02929688  0.02050781]
 [ 0.         -0.03125   ]
 [ 0.          0.03125   ]
 [ 0.          0.        ]
 [-0.02832031 -0.01074219]
 [ 0.02832031  0.01074219]
 [-0.08085937 -0.04960937]
 [-0.02421875 -0.01835937]
 [-0.02421875 -0.01835937]
 [ 0.034375    0.02265625]
 [ 0.09492188  0.06367188]
 [-0.02832031 -0.02636719]
 [ 0.02832031  0.02636719]
 [ 0.18457031  0.1328125 ]
 [ 0.18457031  0.19726562]
 [ 0.12988281  0.23828125]]","[[-6.13281250e-02 -1.65429688e-01]
 [-1.44531250e-02 -1.51757813e-01]
 [ 4.21875000e-02 -1.10742188e-01]
 [-4.37500000e-02 -7.22656250e-03]
 [-7.81250000e-04  5.85937500e-04]
 [ 5.00000000e-02  8.39843750e-03]
 [-4.37500000e-02  1.06054687e-01]
 [ 7.03125000e-03  1.11914062e-01]
 [ 5.58593750e-02  1.17773437e-01]
 [ 1.30161830e-01  8.70535714e-02]
 [ 1.77036830e-01  1.14397321e-01]
 [ 4.71958705e-01 -2.64508929e-01]
 [ 4.36802455e-01  7.33816964e-02]
 [ 4.81724330e-01 -1.80524554e-01]
 [ 1.18443080e-01 -1.00446429e-01]
 [ 7.54743304e-02 -6.13839286e-02]
 [ 1.26255580e-01  1.47879464e-02]
 [ 1.75083705e-01  3.62723214e-02]
 [ 4.54380580e-01  1.28069196e-01]
 [-7.70596591e-02  8.86008523e-02]
 [-4.58096591e-02 -1.80930398e-01]
 [ 6.92471591e-03 -1.36008523e-01]
 [ 5.37997159e-02 -1.36008523e-01]
 [-6.92471591e-02  1.21803977e-01]
 [-2.43252841e-02  1.24289773e-02]
 [ 2.05965909e-02 -9.05539773e-03]
 [ 6.35653409e-02 -5.20241477e-02]
 [-2.23721591e-02  6.32102273e-02]
 [ 2.45028409e-02  9.64133523e-02]
 [ 6.94247159e-02  1.31569602e-01]
 [-2.31863839e-01 -7.11495536e-02]
 [ 4.93861607e-02 -7.11495536e-02]
 [ 1.02120536e-01  3.06919643e-03]
 [ 1.47042411e-01  3.23660714e-02]
 [-2.26004464e-01  4.60379464e-02]
 [ 5.32924107e-02 -2.62276786e-02]
 [ 1.06026786e-01  8.70535714e-02]
 [ 4.60286458e-01 -3.34960938e-01]
 [ 6.96614583e-02 -4.44335938e-01]
 [ 8.91927083e-02 -2.45117188e-01]
 [ 1.20442708e-01 -3.91601562e-01]
 [ 4.32942708e-01  1.63085938e-01]
 [-4.29687500e-02 -3.45052083e-02]
 [ 0.00000000e+00  2.21354167e-02]
 [ 3.71093750e-02  1.19791667e-01]
 [-4.88281250e-02  3.77604167e-02]
 [ 1.95312500e-03 -7.16145833e-03]
 [ 5.27343750e-02 -1.38020833e-01]
 [-4.39453125e-02  1.64062500e-01]
 [-2.92968750e-03  1.85546875e-01]
 [ 5.56640625e-02  1.25000000e-01]
 [ 1.26953125e-02 -2.38281250e-01]
 [-7.51953125e-02  3.90625000e-03]
 [-2.83203125e-02 -4.29687500e-02]
 [ 1.66015625e-02 -4.68750000e-02]
 [ 6.54296875e-02 -1.50390625e-01]
 [-3.12500000e-02  3.75000000e-02]
 [ 9.76562500e-03  1.00000000e-01]
 [ 5.85937500e-02  7.65625000e-02]
 [-3.12500000e-02  6.09375000e-02]
 [-1.36718750e-02  2.48437500e-01]
 [-3.90625000e-02 -1.69531250e-01]
 [ 7.81250000e-03 -1.57812500e-01]
 [-3.12500000e-02 -9.72656250e-02]
 [ 1.17187500e-02 -3.28125000e-02]
 [ 5.85937500e-02 -6.60156250e-02]
 [ 9.13085938e-02  1.51367188e-01]
 [-1.80664062e-02  4.48242188e-01]
 [ 7.17773438e-02  2.88085938e-01]
 [ 1.44042969e-01  1.41601562e-01]
 [ 3.66210938e-02  2.13867188e-01]
 [ 9.91210938e-02  1.14257812e-01]
 [ 1.55761719e-01 -5.56640625e-02]
 [ 6.51041667e-03  1.67317708e-01]
 [-2.66927083e-02 -8.85416667e-02]
 [ 2.01822917e-02 -7.87760417e-02]
 [-5.46875000e-02  5.95703125e-02]
 [ 5.46875000e-02 -5.95703125e-02]
 [-9.91210938e-02  2.75878906e-01]
 [ 4.93164062e-02 -5.81054688e-02]
 [-2.68554688e-02  6.10351562e-02]
 [ 7.66601562e-02 -2.78808594e-01]
 [-9.91210938e-02  2.75878906e-01]
 [ 4.93164062e-02 -5.81054688e-02]
 [-2.68554688e-02  6.10351562e-02]
 [ 7.66601562e-02 -2.78808594e-01]
 [ 0.00000000e+00  0.00000000e+00]
 [-2.05078125e-02 -6.83593750e-03]
 [ 2.05078125e-02  6.83593750e-03]
 [-3.12500000e-02  8.59375000e-02]
 [ 3.12500000e-02 -8.59375000e-02]
 [ 0.00000000e+00  0.00000000e+00]
 [-1.07421875e-02  8.00781250e-02]
 [ 1.07421875e-02 -8.00781250e-02]
 [-4.96093750e-02  9.64843750e-02]
 [-1.83593750e-02  1.70703125e-01]
 [-1.83593750e-02 -1.22265625e-01]
 [ 2.26562500e-02 -7.73437500e-02]
 [ 6.36718750e-02 -6.75781250e-02]
 [-2.63671875e-02  1.27929688e-01]
 [ 2.63671875e-02 -1.27929688e-01]
 [ 1.32812500e-01  6.43554688e-01]
 [ 1.97265625e-01  2.56835938e-01]
 [ 2.38281250e-01  3.54492188e-01]]","[[-3.94531250e-02 -1.65429688e-01]
 [ 9.37500000e-03 -1.51757813e-01]
 [-3.55468750e-02 -1.10742188e-01]
 [ 7.42187500e-03 -7.22656250e-03]
 [ 5.62500000e-02  5.85937500e-04]
 [ 1.32812500e-02  8.39843750e-03]
 [ 5.23437500e-02  1.06054687e-01]
 [ 9.37500000e-03  1.11914062e-01]
 [-3.55468750e-02  1.17773437e-01]
 [ 1.22349330e-01  8.70535714e-02]
 [ 1.24302455e-01  1.14397321e-01]
 [ 1.34068080e-01 -2.64508929e-01]
 [ 3.60630580e-01  7.33816964e-02]
 [ 1.92661830e-01 -1.80524554e-01]
 [ 1.22349330e-01 -1.00446429e-01]
 [ 7.54743304e-02 -6.13839286e-02]
 [ 1.69224330e-01  1.47879464e-02]
 [ 1.24302455e-01  3.62723214e-02]
 [ 1.90708705e-01  1.28069196e-01]
 [ 7.95454545e-02  8.86008523e-02]
 [ 2.87642045e-02 -1.80930398e-01]
 [ 3.26704545e-02 -1.36008523e-01]
 [ 3.46235795e-02 -1.36008523e-01]
 [-8.25639205e-02  1.21803977e-01]
 [-2.59232955e-02  1.24289773e-02]
 [-2.59232955e-02 -9.05539773e-03]
 [ 3.46235795e-02 -5.20241477e-02]
 [-2.59232955e-02  6.32102273e-02]
 [-2.59232955e-02  9.64133523e-02]
 [-2.39701705e-02  1.31569602e-01]
 [-2.95758929e-02 -7.11495536e-02]
 [-1.19977679e-02 -7.11495536e-02]
 [-8.09151786e-03  3.06919643e-03]
 [ 5.24553571e-02  3.23660714e-02]
 [ 1.72991071e-02  4.60379464e-02]
 [-1.19977679e-02 -2.62276786e-02]
 [-8.09151786e-03  8.70535714e-02]
 [ 1.23046875e-01 -3.34960938e-01]
 [ 9.96093750e-02 -4.44335938e-01]
 [ 9.96093750e-02 -2.45117188e-01]
 [ 1.50390625e-01 -3.91601562e-01]
 [ 5.85937500e-03  1.63085938e-01]
 [-1.88802083e-02 -3.45052083e-02]
 [-1.88802083e-02  2.21354167e-02]
 [-1.88802083e-02  1.19791667e-01]
 [ 3.77604167e-02  3.77604167e-02]
 [ 3.77604167e-02 -7.16145833e-03]
 [-1.88802083e-02 -1.38020833e-01]
 [-8.05664062e-03  1.64062500e-01]
 [ 5.05371094e-02  1.85546875e-01]
 [-6.10351562e-03  1.25000000e-01]
 [-8.05664062e-03 -2.38281250e-01]
 [-6.46972656e-02  3.90625000e-03]
 [-8.05664062e-03 -4.29687500e-02]
 [ 5.05371094e-02 -4.68750000e-02]
 [-6.10351562e-03 -1.50390625e-01]
 [-7.79296875e-02  3.75000000e-02]
 [-1.73828125e-02  1.00000000e-01]
 [-1.34765625e-02  7.65625000e-02]
 [-7.79296875e-02  6.09375000e-02]
 [ 4.12109375e-02  2.48437500e-01]
 [ 3.73046875e-02 -1.69531250e-01]
 [ 4.12109375e-02 -1.57812500e-01]
 [-1.93359375e-02 -9.72656250e-02]
 [ 4.12109375e-02 -3.28125000e-02]
 [ 4.51171875e-02 -6.60156250e-02]
 [ 1.48925781e-01  1.51367188e-01]
 [ 3.36914062e-02  4.48242188e-01]
 [ 9.03320312e-02  2.88085938e-01]
 [ 3.36914062e-02  1.41601562e-01]
 [ 9.03320312e-02  2.13867188e-01]
 [ 9.03320312e-02  1.14257812e-01]
 [ 9.22851562e-02 -5.56640625e-02]
 [ 6.51041667e-04  1.67317708e-01]
 [-1.30208333e-03 -8.85416667e-02]
 [ 6.51041667e-04 -7.87760417e-02]
 [ 2.83203125e-02  5.95703125e-02]
 [-2.83203125e-02 -5.95703125e-02]
 [ 1.36718750e-02  2.75878906e-01]
 [-4.29687500e-02 -5.81054688e-02]
 [ 1.36718750e-02  6.10351562e-02]
 [ 1.56250000e-02 -2.78808594e-01]
 [ 1.36718750e-02  2.75878906e-01]
 [-4.29687500e-02 -5.81054688e-02]
 [ 1.36718750e-02  6.10351562e-02]
 [ 1.56250000e-02 -2.78808594e-01]
 [ 0.00000000e+00  0.00000000e+00]
 [-2.92968750e-02 -6.83593750e-03]
 [ 2.92968750e-02  6.83593750e-03]
 [ 0.00000000e+00  8.59375000e-02]
 [ 0.00000000e+00 -8.59375000e-02]
 [ 0.00000000e+00  0.00000000e+00]
 [-2.83203125e-02  8.00781250e-02]
 [ 2.83203125e-02 -8.00781250e-02]
 [-8.08593750e-02  9.64843750e-02]
 [-2.42187500e-02  1.70703125e-01]
 [-2.42187500e-02 -1.22265625e-01]
 [ 3.43750000e-02 -7.73437500e-02]
 [ 9.49218750e-02 -6.75781250e-02]
 [-2.83203125e-02  1.27929688e-01]
 [ 2.83203125e-02 -1.27929688e-01]
 [ 1.84570312e-01  6.43554688e-01]
 [ 1.84570312e-01  2.56835938e-01]
 [ 1.29882812e-01  3.54492188e-01]]"
